symbol,trade_id,price,quantity,buyer_order_id,seller_order_id,is_buyer_market_maker,knowledge,decision,decision_norm,entropy,delta_t,cosine_similarity,delta_h_over_delta_d,frobenius_norm,timestamp
XRPUSDT,1598286300.0,1.3658,14.9,,,True,0.0024835707650561634,0.500620892372119,0.500620892372119,,1.0,1.0,,0.004967141530112327,2026-03-27 03:32:48.894000
XRPUSDT,1598286301.0,1.3659,4.9,,,False,0.01053689837716725,0.5018626694569183,0.7097409935947395,-1.8909520836633135e-05,6.353,1.0,,0.009934283060224654,2026-03-27 03:32:55.247000
XRPUSDT,1598286302.0,1.3659,14.4,,,False,0.017206682997079926,0.5024835503399621,0.870327039156408,-3.336938245691179e-05,1.324,1.0000000000000002,-0.023289268545990484,0.014901424946127449,2026-03-27 03:32:56.571000
XRPUSDT,1598286303.0,1.3659,91.3,,,False,0.024835708006352097,0.5031044235637796,1.0062088472165034,-5.7839463402926396e-05,2.815,0.9999999999999999,-0.039412363115864886,0.01986856790019154,2026-03-27 03:32:59.386000
XRPUSDT,1598286304.0,1.3659,5.0,,,False,0.03332060035528198,0.5037252872137418,1.1263639846979299,-8.898229657474608e-05,11.795,0.9999999999999987,-0.05016050331456419,0.024835719639425657,2026-03-27 03:33:11.181000
XRPUSDT,1598286305.0,1.3659,10.2,,,False,0.042584382575480896,0.5043461393753373,1.2353906989054324,-0.00012679740369245238,0.625,0.9999999999999702,-0.06090839245936161,0.029802860011122236,2026-03-27 03:33:11.806000
XRPUSDT,1598286306.0,1.3659,36.6,,,False,0.05256729965117738,0.5049669781341966,1.3360170481397662,-0.00017128353856380281,0.575,0.9999999999999724,-0.07165489305644128,0.034770001075575714,2026-03-27 03:33:12.381000
XRPUSDT,1598286307.0,1.3659,5.3,,,False,0.06322140562640896,0.5055878015761154,1.4300182557590506,-0.00022244032342570854,0.966,0.999999999999976,-0.08240150324187415,0.03973714373270005,2026-03-27 03:33:13.347000
XRPUSDT,1598286308.0,1.3659,235.0,,,False,0.07450714107035775,0.5062086077870784,1.5186258278902045,-0.0002802666448231541,4.132,0.9999999999999775,-0.0931471373453881,0.04470429730887871,2026-03-27 03:33:17.479000
XRPUSDT,1598286309.0,1.3658,5.0,,,True,0.07853744173213104,0.5062086077870784,1.6007721813521114,-0.00011121746498017667,0.622,0.9999999999999543,,0.04967143874136454,2026-03-27 03:33:18.101000
XRPUSDT,1598286310.0,1.3658,215.7,,,True,0.09060783630109946,0.5068293948532829,1.6809629455126553,-0.00036811614598322034,2.566,0.9999999999999537,-0.4138273733274218,0.05463858858674855,2026-03-27 03:33:20.667000
XRPUSDT,1598286311.0,1.3658,7.4,,,True,0.10324015310759356,0.5074501608611622,1.7578589356192829,-0.0004415017496429992,0.585,0.999999999999944,-0.1182178191594012,0.05960573037615082,2026-03-27 03:33:21.252000
XRPUSDT,1598286312.0,1.3658,4.1,,,True,0.11641040041316898,0.5080709038974094,1.831875710019099,-0.0005215519942277557,0.585,0.9999999999999443,-0.12895874767878046,0.06457287292552684,2026-03-27 03:33:21.252000
XRPUSDT,1598286313.0,1.3658,3202.5,,,True,0.1300974543251272,0.5086916220490008,1.9033497806610085,-0.0006082666957047378,0.585,0.9999999999999452,-0.13970060526612077,0.06954001620667247,2026-03-27 03:33:21.252000
XRPUSDT,1598286314.0,1.3658,999.9,,,True,0.14428249026275478,0.5093123134032194,1.9725581245931978,-0.000701643786411384,0.002,0.9999999999999466,-0.15044045655219332,0.07450715543416064,2026-03-27 03:33:21.254000
XRPUSDT,1598286315.0,1.3658,3.9,,,True,0.15894859394414668,0.5099329760476791,2.0397319204294413,-0.0008016809997904429,0.002,0.9999999999999507,-0.16117808002790804,0.07947429495300742,2026-03-27 03:33:21.256000
XRPUSDT,1598286316.0,1.3658,3.9,,,True,0.17408048115842908,0.5105536080703473,2.105066469376477,-0.0009083772963511436,0.002,0.9999999999999548,-0.17191555166938433,0.08444143471227025,2026-03-27 03:33:21.256000
XRPUSDT,1598286317.0,1.3658,3.9,,,True,0.18966423213210215,0.5111742075595694,2.1687285065262993,-0.0010217303125364795,0.002,0.9999999999999591,-0.18265083705985444,0.08940857467235694,2026-03-27 03:33:21.256000
XRPUSDT,1598286318.0,1.3658,3.9,,,True,0.20568710545366445,0.5117947726040915,2.230861708544658,-0.001141737921320171,0.002,0.9999999999999633,-0.19338441609473261,0.09437571480203866,2026-03-27 03:33:21.256000
XRPUSDT,1598286319.0,1.3658,3.9,,,True,0.22213738060659513,0.5124153012930842,2.2915909073714373,-0.0012683978727836712,0.002,0.9999999999999668,-0.20411618948528218,0.09934285507635908,2026-03-27 03:33:21.256000
XRPUSDT,1598286320.0,1.3658,3.9,,,True,0.23900422848226777,0.5130357917161668,2.3510253639924086,-0.0014017077941857869,0.002,0.9999999999999701,-0.21484605796144862,0.10430999547514083,2026-03-27 03:33:21.256000
XRPUSDT,1598286321.0,1.3658,3.7,,,True,0.2562776037865055,0.5136562419634296,2.409261346359369,-0.001541665190036099,0.002,0.999999999999973,-0.22557392227295742,0.1092771359818996,2026-03-27 03:33:21.256000
XRPUSDT,1598286322.0,1.3658,3.8,,,True,0.27394815479767376,0.5142766501254583,2.466384184012382,-0.001688267442172129,0.002,0.9999999999999755,-0.23629968319026032,0.11424427658304102,2026-03-27 03:33:21.256000
XRPUSDT,1598286323.0,1.3658,14.4,,,True,0.29200714703561204,0.5148970142933572,2.5224699235757684,-0.0018415118098402939,0.002,0.9999999999999777,-0.24702324150536462,0.11921141726725865,2026-03-27 03:33:21.256000
XRPUSDT,1598286324.0,1.3658,3.8,,,True,0.3104463981996929,0.5155173325587725,2.577586675923121,-0.0020013954297806225,0.002,0.9999999999999801,-0.25774449803325544,0.12417855802507652,2026-03-27 03:33:21.256000
XRPUSDT,1598286325.0,1.3658,3.8,,,True,0.32925822232281937,0.5161376030139162,2.6317957223705477,-0.0021679153163152174,0.002,0.9999999999999817,-0.2684633536124533,0.12914569884849694,2026-03-27 03:33:21.256000
XRPUSDT,1598286326.0,1.3658,3.9,,,True,0.34843538152773335,0.516757823751589,2.6851524305343637,-0.0023410683614404886,0.002,0.9999999999999832,-0.2791797091064533,0.1341128397307268,2026-03-27 03:33:21.256000
XRPUSDT,1598286327.0,1.3658,3.9,,,True,0.36797104410448644,0.5173779928652038,2.7377070183803918,-0.002520851334923132,0.002,0.9999999999999846,-0.2898934654044988,0.13907998066596228,2026-03-27 03:33:21.256000
XRPUSDT,1598286328.0,1.3658,3.7,,,True,0.38785874788234787,0.5179981084488098,2.789505196105306,-0.0027072608843998506,0.002,0.999999999999986,-0.3006045234224671,0.1440471216492188,2026-03-27 03:33:21.256000
XRPUSDT,1598286329.0,1.3658,3.7,,,True,0.40809236806619975,0.518618168597115,2.8405887088876134,-0.0029002935354808276,0.002,0.999999999999987,-0.3113127841042459,0.14901426267619364,2026-03-27 03:33:21.256000
XRPUSDT,1598286330.0,1.3657,3.9,,,True,0.4148381520629202,0.518618168597115,2.8875437690433925,-0.000999718123797261,0.049,0.9999999999999872,,0.15398140551040473,2026-03-27 03:33:21.305000
XRPUSDT,1598286331.0,1.3657,7.4,,,True,0.43552518533647794,0.5192381714055099,2.9372546694979023,-0.003167698756065411,0.049,0.9999999999999882,-3.4967271162540285,0.15894854838638534,2026-03-27 03:33:21.305000
XRPUSDT,1598286332.0,1.3657,5.5,,,True,0.4565449478610916,0.5198581149700909,2.9863575229239414,-0.003376181365509448,0.049,0.9999999999999892,-0.336292884312661,0.1639156913700107,2026-03-27 03:33:21.305000
XRPUSDT,1598286333.0,1.3657,4.1,,,True,0.4778922562391603,0.5204779973876839,3.034882180444483,-0.0035912753333443136,0.049,0.9999999999999898,-0.3469915611901073,0.16888283446385716,2026-03-27 03:33:21.305000
XRPUSDT,1598286334.0,1.3657,3.7,,,True,0.49956216164983835,0.5210978167558671,3.082856275368618,-0.003812976627581334,0.049,0.9999999999999905,-0.35768694174055304,0.1738499776705773,2026-03-27 03:33:21.305000
XRPUSDT,1598286335.0,1.3657,6.7,,,True,0.5215499329706041,0.5217175711729946,3.130305445081064,-0.004041281145915455,0.049,0.999999999999991,-0.36837900953138814,0.17881712099288852,2026-03-27 03:33:21.305000
XRPUSDT,1598286336.0,1.3657,220.0,,,True,0.5438510412734975,0.5223372587382193,3.1772535251915346,-0.004276184664755116,0.049,0.9999999999999912,-0.3790676657428975,0.1837842644335642,2026-03-27 03:33:21.305000
XRPUSDT,1598286337.0,1.3657,700.0,,,True,0.5664611458241275,0.5229568775515171,3.2237227201250964,-0.004517682839352094,0.049,0.999999999999992,-0.38975281159019426,0.18875140799542592,2026-03-27 03:33:21.305000
XRPUSDT,1598286338.0,1.3657,499.4,,,True,0.5893760814012374,0.5235764257137091,3.269733753551607,-0.004765771203934933,0.049,0.999999999999992,-0.40043434832424357,0.19371855168133695,2026-03-27 03:33:21.305000
XRPUSDT,1598286339.0,1.3657,3.9,,,True,0.6125918467809046,0.524195901326485,3.3153060014882305,-0.005020445171846218,0.049,0.9999999999999923,-0.4111121772334058,0.19868569549419637,2026-03-27 03:33:21.305000
XRPUSDT,1598286340.0,1.3657,3.9,,,True,0.6361045942513818,0.524815302492427,3.3604576104502604,-0.00528170003568338,0.049,0.9999999999999923,-0.42178619964303016,0.2036528394369348,2026-03-27 03:33:21.305000
XRPUSDT,1598286341.0,1.3657,12.5,,,True,0.6599106200429501,0.525434627315032,3.4052056026502724,-0.005549530967443366,0.049,0.9999999999999929,-0.4324563169185669,0.2086199835125101,2026-03-27 03:33:21.305000
XRPUSDT,1598286342.0,1.3657,3.9,,,True,0.6840063555726283,0.5260538738987357,3.4495659699372094,-0.005823933018670767,0.049,0.9999999999999929,-0.4431224304641326,0.21358712772390365,2026-03-27 03:33:21.305000
XRPUSDT,1598286343.0,1.3657,3.9,,,True,0.7083883594166588,0.5266730403489348,3.493553757912099,-0.00610490112060966,0.049,0.9999999999999927,-0.45378444172571375,0.2185542720741176,2026-03-27 03:33:21.305000
XRPUSDT,1598286344.0,1.3657,3.8,,,True,0.7330533099348026,0.5272921247720106,3.53718314144556,-0.006392430084359248,0.049,0.9999999999999925,-0.4644422521908437,0.2235214165661717,2026-03-27 03:33:21.305000
XRPUSDT,1598286345.0,1.3657,3.9,,,True,0.7579979984799429,0.5279111252753522,3.5804674926458127,-0.006686514601032962,0.049,0.9999999999999931,-0.47509576338972503,0.22848856120310213,2026-03-27 03:33:21.305000
XRPUSDT,1598286346.0,1.3657,3.8,,,True,0.783219323134613,0.5285300399673791,3.623419442178126,-0.006987149241921278,0.049,0.999999999999993,-0.4857448768969377,0.2334557059879577,2026-03-27 03:33:21.305000
XRPUSDT,1598286347.0,1.3657,3.7,,,True,0.8087142829230141,0.5291488669575646,3.6660509347123984,-0.00729432845865813,0.049,0.9999999999999927,-0.4963894943315194,0.23842285092380003,2026-03-27 03:33:21.305000
XRPUSDT,1598286348.0,1.3657,3.9,,,True,0.8344799724531086,0.5297676043564583,3.7083732791706256,-0.007608046583391011,0.049,0.9999999999999926,-0.5070295173587244,0.24338999601369998,2026-03-27 03:33:21.305000
XRPUSDT,1598286349.0,1.3657,3.9,,,True,0.8605135769485552,0.53038625027571,3.7503971943571535,-0.007928297828954616,0.049,0.9999999999999925,-0.5176648476902591,0.2483571412607382,2026-03-27 03:33:21.305000
XRPUSDT,1598286350.0,1.3657,3.7,,,True,0.8868123676347633,0.5310048028280914,3.792132850478977,-0.008255076289048143,0.049,0.9999999999999922,-0.5282953870862515,0.2533242866680025,2026-03-27 03:33:21.305000
XRPUSDT,1598286351.0,1.3656,5.5,,,True,0.8954644139679563,0.5310048028280914,3.8291301479985975,-0.002770163315107309,0.001,0.9999999999999916,,0.25829142698547014,2026-03-27 03:33:21.306000
XRPUSDT,1598286352.0,1.3656,3.7,,,True,0.9221143105608084,0.5316232601275197,3.8702758127134755,-0.008700267287685842,0.001,0.9999999999999916,-9.588542293962727,0.26325856735294917,2026-03-27 03:33:21.306000
XRPUSDT,1598286353.0,1.3656,3.7,,,True,0.9490232901257013,0.532241620289081,3.9111612275622583,-0.009042279073459837,0.001,0.9999999999999917,-0.5530947933490368,0.2682257077699592,2026-03-27 03:33:21.306000
XRPUSDT,1598286354.0,1.3656,4.4,,,True,0.9761888832786747,0.5328598814290515,3.9517947048616984,-0.009390798553990404,0.001,0.9999999999999912,-0.5637091804721409,0.27319284823404755,2026-03-27 03:33:21.306000
XRPUSDT,1598286355.0,1.3656,7.4,,,True,1.003608689876397,0.5334780416649223,3.9921841684991586,-0.009745819321967976,0.001,0.9999999999999916,-0.5743183520652281,0.2781599887429417,2026-03-27 03:33:21.306000
XRPUSDT,1598286356.0,1.3656,4.1,,,True,1.0312803758550124,0.5340960991154206,4.032337178379115,-0.010107334856789808,0.001,0.9999999999999917,-0.5849222180403973,0.28312712929453226,2026-03-27 03:33:21.306000
XRPUSDT,1598286357.0,1.3656,3.7,,,True,1.059201670253942,0.5347140519005332,4.072260952931972,-0.010475338519854098,0.001,0.9999999999999918,-0.595520680430609,0.2880942698868609,2026-03-27 03:33:21.306000
XRPUSDT,1598286358.0,1.3656,3.9,,,True,1.0873703624239581,0.5353318981415293,4.111962389872385,-0.010849823554763062,0.001,0.999999999999992,-0.6061136413248285,0.29306141051810514,2026-03-27 03:33:21.306000
XRPUSDT,1598286359.0,1.3656,213.3,,,True,1.1157842994051221,0.5359496359609827,4.1514480853702915,-0.011230783087528725,0.001,0.9999999999999918,-0.6167010028668011,0.29802855118656946,2026-03-27 03:33:21.306000
XRPUSDT,1598286360.0,1.3656,3.9,,,True,1.144441383461533,0.5365672634827946,4.190724351780182,-0.011618210126783308,0.211,0.999999999999992,-0.6272826672587174,0.30299572285110243,2026-03-27 03:33:21.517000
XRPUSDT,1598286361.0,1.3656,3.9,,,True,1.173339685551014,0.5371847788322166,4.229797262846075,-0.012012146285536972,0.211,0.9999999999999909,-0.6379374360854173,0.3079628951300841,2026-03-27 03:33:21.517000
XRPUSDT,1598286362.0,1.3656,3.7,,,True,1.2024770999512642,0.5378021801358729,4.2686725835904955,-0.012412491099381895,0.211,0.9999999999999901,-0.6484353231424336,0.31293006804699763,2026-03-27 03:33:21.517000
XRPUSDT,1598286363.0,1.3656,1833.4,,,True,1.2318516813313563,0.5384194655217829,4.30735586878127,-0.012819281958664988,0.211,0.9999999999999889,-0.6589996597496112,0.31789724162469307,2026-03-27 03:33:21.517000
XRPUSDT,1598286364.0,1.3656,3.8,,,True,1.2614615310701387,0.5390366331193833,4.345852448276523,-0.013232511411735289,0.211,0.9999999999999866,-0.6695579202099128,0.3228644158854371,2026-03-27 03:33:21.517000
XRPUSDT,1598286365.0,1.3656,3.9,,,True,1.2913047954172088,0.5396536810595518,4.384167439246513,-0.013652171890770518,0.211,0.9999999999999833,-0.6801100072072901,0.3278315908509565,2026-03-27 03:33:21.517000
XRPUSDT,1598286366.0,1.3656,3.9,,,True,1.3213796637536472,0.5402706074746281,4.422305757558994,-0.014078255712002477,0.211,0.9999999999999799,-0.690655823481451,0.33279876654247587,2026-03-27 03:33:21.517000
XRPUSDT,1598286367.0,1.3656,3.8,,,True,1.3516843669456622,0.5408874104984371,4.4602721283969,-0.014510755075949837,0.211,0.9999999999999751,-0.7011952718332364,0.3377659429807537,2026-03-27 03:33:21.517000
XRPUSDT,1598286368.0,1.3656,3.9,,,True,1.3822171757848687,0.5415040882663112,4.498071096170457,-0.014949662067655621,0.211,0.9999999999999697,-0.711728255128837,0.34273312018611424,2026-03-27 03:33:21.517000
XRPUSDT,1598286369.0,1.3656,3.9,,,True,1.4129763995094249,0.5421206389151124,4.535707033780109,-0.015394968656927032,0.211,0.9999999999999636,-0.7222546762983205,0.34770029817847653,2026-03-27 03:33:21.517000
XRPUSDT,1598286370.0,1.3656,3.9,,,True,1.4439603844007194,0.5427370605832544,4.573184151281318,-0.01584666669857971,0.211,0.9999999999999566,-0.7327744383388706,0.3526674769773829,2026-03-27 03:33:21.517000
XRPUSDT,1598286371.0,1.3656,3.7,,,True,1.4751675124507149,0.5433533514107255,4.610506503997644,-0.016304747932683793,0.211,0.9999999999999484,-0.7432874443123146,0.35763465660202115,2026-03-27 03:33:21.517000
XRPUSDT,1598286372.0,1.3656,3.9,,,True,1.506596200095448,0.5439695095391102,4.6476780001243565,-0.016769203984815503,0.211,0.9999999999999395,-0.7537935973503043,0.36260183707124927,2026-03-27 03:33:21.517000
XRPUSDT,1598286373.0,1.3656,5.0,,,False,1.5382448970105136,0.5445855331116114,4.684702407861001,-0.017240026366309794,5.876,0.9999999999999297,-0.7642928006514669,0.3675702703851912,2026-03-27 03:33:27.393000
XRPUSDT,1598286374.0,1.3655,4.4,,,True,1.5486089294985539,0.5445855331116114,4.7162509121925655,-0.005723508026202055,2.733,0.9999999999996724,,0.372538000438761,2026-03-27 03:33:30.126000
XRPUSDT,1598286375.0,1.3655,7.4,,,True,1.580552532604967,0.545201420273073,4.752958262052442,-0.017878557072002477,2.733,0.9999999999993602,-19.73583767675161,0.3775057318031737,2026-03-27 03:33:30.126000
XRPUSDT,1598286376.0,1.3655,4.1,,,True,1.612712615355774,0.5458171691700013,4.789529316312102,-0.018364307192440282,2.733,0.9999999999989304,-0.7888769640691627,0.3824734732604368,2026-03-27 03:33:30.126000
XRPUSDT,1598286377.0,1.3655,500.2,,,True,1.6450878049833173,0.5464327779505875,4.825967360162821,-0.018856439713269307,2.733,0.9999999999983655,-0.7994241413522487,0.3874412251001281,2026-03-27 03:33:30.126000
XRPUSDT,1598286378.0,1.3655,5.6,,,True,1.6776766852486438,0.5470482447647296,4.86227555079256,-0.0193549058429998,2.733,0.9999999999976562,-0.8098992801510411,0.3924089876057168,2026-03-27 03:33:30.126000
XRPUSDT,1598286379.0,1.3655,3.7,,,True,1.7104778675893264,0.5476635677640541,4.898456940202186,-0.01985969660761054,2.733,0.9999999999967908,-0.8203671326520623,0.3973767610549029,2026-03-27 03:33:30.126000
XRPUSDT,1598286380.0,1.3655,3.9,,,True,1.7434899902315248,0.5482787451019382,4.934514479866013,-0.020370802921483227,2.733,0.9999999999957613,-0.8308276043305712,0.4023445457199475,2026-03-27 03:33:30.126000
XRPUSDT,1598286381.0,1.3655,3.9,,,True,1.7767117173415201,0.5488937749335314,4.970451025131888,-0.02088821558773387,2.733,0.9999999999945587,-0.8412806008292176,0.40731234186798715,2026-03-27 03:33:30.126000
XRPUSDT,1598286382.0,1.3655,3.9,,,True,1.810141738214385,0.5495086554157775,5.006269339378259,-0.021411925298484624,2.733,0.9999999999931767,-0.8517260278577691,0.41228014976132327,2026-03-27 03:33:30.126000
XRPUSDT,1598286383.0,1.3655,417.7,,,True,1.8437787664977245,0.5501233847074365,5.0419720979444085,-0.021941922635133945,2.733,0.9999999999916084,-0.8621637911852698,0.4172479696576877,2026-03-27 03:33:30.126000
XRPUSDT,1598286384.0,1.3655,6909.9,,,True,1.8776215394485725,0.5507379609691055,5.077561891848742,-0.022478198068634665,2.103,0.9999999999898488,-0.8725937966499313,0.42221562069574325,2026-03-27 03:33:32.229000
XRPUSDT,1598286385.0,1.3655,200.0,,,True,1.9116680179350791,0.5513523823632415,5.113041033595213,-0.023020196812425765,2.103,0.9999999999880554,-0.8821286969561466,0.4271832818664002,2026-03-27 03:33:32.229000
XRPUSDT,1598286386.0,1.3655,2430.0,,,True,1.9459177632081268,0.5519666470541823,5.148412148704186,-0.023568966001094767,2.103,0.9999999999861535,-0.8933757657932151,0.432150953340688,2026-03-27 03:33:32.229000
XRPUSDT,1598286387.0,1.3655,4.4,,,True,1.980369578753661,0.552580753208168,5.183677595517481,-0.024123982831133498,2.103,0.9999999999841402,-0.9037799514571222,0.43711863528786205,2026-03-27 03:33:32.229000
XRPUSDT,1598286388.0,1.3655,3.9,,,True,2.015022288992792,0.5531946989933633,5.218839661070333,-0.024685237307632956,2.103,0.999999999982014,-0.9141759582582176,0.4420863278752469,2026-03-27 03:33:32.229000
XRPUSDT,1598286389.0,1.3655,3.9,,,True,2.049874738678516,0.5538084825798779,5.253900563936556,-0.02525271932567135,2.103,0.9999999999797735,-0.9245636906989053,0.4470540312683276,2026-03-27 03:33:32.229000
XRPUSDT,1598286390.0,1.3655,3.9,,,True,2.0849257923175135,0.5544221021397886,5.288862456930646,-0.025826418671358646,2.103,0.9999999999774162,-0.9349430545708182,0.4520217456308377,2026-03-27 03:33:32.229000
XRPUSDT,1598286391.0,1.3655,3.8,,,True,2.120174333614698,0.5550355558471607,5.323727429675247,-0.0264063250221339,2.103,0.9999999999749413,-0.9453139557334372,0.4569894711248377,2026-03-27 03:33:32.229000
XRPUSDT,1598286392.0,1.3655,12.7,,,True,2.1556192649393866,0.5556488418780688,5.358497511042069,-0.02699242794707095,2.103,0.9999999999723476,-0.9556763001256459,0.4619572079107885,2026-03-27 03:33:32.229000
XRPUSDT,1598286393.0,1.3655,432.4,,,True,2.1912595068120093,0.5562619584106188,5.393174671473765,-0.027584716907183275,2.103,0.9999999999696318,-0.9660299937583305,0.46692495614762153,2026-03-27 03:33:32.229000
XRPUSDT,1598286394.0,1.3655,8.0,,,True,2.2270939974103645,0.5568749036249683,5.427760825193767,-0.02818318125573515,2.103,0.9999999999667939,-0.9763749427214193,0.47189271599280613,2026-03-27 03:33:32.229000
XRPUSDT,1598286395.0,1.3655,3.7,,,True,2.2631216920944652,0.5574876757033483,5.4622578323105975,-0.02878781023855137,2.103,0.9999999999638319,-0.9867110531776009,0.4768604876024077,2026-03-27 03:33:32.229000
XRPUSDT,1598286396.0,1.3655,3.9,,,True,2.2993415629490928,0.5581002728300847,5.496667500822722,-0.02939859299433626,2.103,0.9999999999607446,-0.9970382313722035,0.4818282711311425,2026-03-27 03:33:32.229000
XRPUSDT,1598286397.0,1.3655,3.9,,,True,2.3357525983432135,0.558712693191618,5.530991588529621,-0.03001551855498799,2.103,0.9999999999575299,-1.0073563836237343,0.4867960667324363,2026-03-27 03:33:32.229000
XRPUSDT,1598286398.0,1.3655,3.9,,,True,2.3723538025054722,0.5593249349765258,5.565231804854348,-0.030638575845923943,2.103,0.9999999999541862,-1.0176654163350871,0.4917638745584717,2026-03-27 03:33:32.229000
XRPUSDT,1598286399.0,1.3655,14.3,,,True,2.40914419511501,0.5599369963755427,5.599389812582549,-0.03126775368640193,2.103,0.9999999999507124,-1.0279652359853955,0.49673169476023327,2026-03-27 03:33:32.229000
XRPUSDT,1598286400.0,1.3655,3.9,,,True,2.4461228109069095,0.5605488755815818,5.633467229522521,-0.0319030407898493,2.103,0.9999999999471066,-1.0382557491367972,0.5016995274875554,2026-03-27 03:33:32.229000
XRPUSDT,1598286401.0,1.3655,3.7,,,True,2.4832886992915952,0.5611605707897552,5.667465630090662,-0.03254442576419138,2.103,0.999999999943368,-1.0485368624307982,0.5066673728891573,2026-03-27 03:33:32.229000
XRPUSDT,1598286402.0,1.3655,3.9,,,True,2.5206409239875716,0.5617720801973951,5.701386546826339,-0.03319189711218715,2.103,0.999999999939494,-1.058808482595049,0.5116352311126876,2026-03-27 03:33:32.229000
XRPUSDT,1598286403.0,1.3654,1310.3,,,True,2.5328510110801497,0.5617720801973951,5.7289971954725125,-0.010957590752479422,2.103,0.9999999999340485,,0.5166030931188295,2026-03-27 03:33:32.229000
XRPUSDT,1598286404.0,1.3654,2401.2,,,True,2.5704516326442244,0.562383402004074,5.7627396106892945,-0.03406566047562957,2.103,0.9999999999298329,-37.80017246348325,0.5215709593359983,2026-03-27 03:33:32.229000
XRPUSDT,1598286405.0,1.3654,2216.8,,,True,2.6082363497938514,0.5629945344116263,5.796409059124877,-0.034727309450669,2.103,0.9999999999255025,-1.0826605934538436,0.526538838810657,2026-03-27 03:33:32.229000
XRPUSDT,1598286406.0,1.3654,3.7,,,True,2.6462043618858835,0.5636054756241673,5.830006939929474,-0.03539508858790501,2.103,0.9999999999210448,-1.0930333778901442,0.5315067316836405,2026-03-27 03:33:32.229000
XRPUSDT,1598286407.0,1.3654,5.5,,,True,2.6843547911261734,0.5642162238481159,5.863534594907893,-0.036068905022470794,2.103,0.9999999999164579,-1.1032638461221638,0.5364746380950205,2026-03-27 03:33:32.229000
XRPUSDT,1598286408.0,1.3654,7.4,,,True,2.722686772258093,0.5648267772922132,5.8969933318361685,-0.03674874671813366,2.103,0.9999999999117402,-1.113484334967562,0.541442558184094,2026-03-27 03:33:32.229000
XRPUSDT,1598286409.0,1.3654,4.4,,,True,2.761199452267552,0.5654371341675439,5.930384425574773,-0.037434601535451216,2.103,0.9999999999068895,-1.1236947514450673,0.5464104920894045,2026-03-27 03:33:32.229000
XRPUSDT,1598286410.0,1.3654,4.1,,,True,2.799891990097773,0.5660472926875566,5.963709119135901,-0.03812645723226642,2.103,0.9999999999019034,-1.1338950028934005,0.5513784399487595,2026-03-27 03:33:32.229000
XRPUSDT,1598286411.0,1.3654,2647.5,,,True,2.8387635563732925,0.5666572510680838,5.99696862470702,-0.03882430146406397,2.103,0.9999999998967807,-1.144084996740837,0.5563464018992491,2026-03-27 03:33:32.229000
XRPUSDT,1598286412.0,1.3654,3.7,,,True,2.8778133331327815,0.5672670075273626,6.030164124632904,-0.03952812178432716,2.103,0.9999999998915189,-1.154264640502056,0.5613143780772624,2026-03-27 03:33:32.229000
XRPUSDT,1598286413.0,1.3654,8.0,,,True,2.917040513570347,0.5678765602860542,6.0632967723581395,-0.040237905644901914,2.103,0.9999999998861155,-1.1644338417864588,0.5662823686185029,2026-03-27 03:33:32.229000
XRPUSDT,1598286414.0,1.3654,3.7,,,True,2.9564443017849604,0.5684859075672648,6.09636769333205,-0.04095364039635961,2.103,0.9999999998805696,-1.1745925082912965,0.5712503736580036,2026-03-27 03:33:32.229000
XRPUSDT,1598286415.0,1.3654,3.9,,,True,2.996023912537695,0.5690950475965654,6.129377985877837,-0.04167531328836545,2.103,0.9999999998748788,-1.1847405478088182,0.5762183933301402,2026-03-27 03:33:32.229000
XRPUSDT,1598286416.0,1.3654,3864.4,,,True,3.035778571016454,0.5697039786020114,6.162328722027646,-0.04240291147004652,2.103,0.9999999998690415,-1.194877868221112,0.581186427768645,2026-03-27 03:33:32.229000
XRPUSDT,1598286417.0,1.3654,7328.0,,,True,3.0757075126079045,0.5703126988141632,6.195220948325173,-0.043136421990364396,2.103,0.9999999998630547,-1.205004377503549,0.5861544771066185,2026-03-27 03:33:32.229000
XRPUSDT,1598286418.0,1.3654,3.9,,,True,3.115809982676323,0.5709212064661059,6.22805568659733,-0.04387583179849215,2.103,0.9999999998569172,-1.2151199837293853,0.5911225414765403,2026-03-27 03:33:32.229000
XRPUSDT,1598286419.0,1.3654,3.9,,,True,3.1560852363491043,0.5715294997934686,6.2608339346964135,-0.04462112774419117,2.103,0.9999999998506263,-1.2252245950655667,0.5960906210102817,2026-03-27 03:33:32.229000
XRPUSDT,1598286420.0,1.3654,3200.0,,,True,3.1965325383086567,0.5721375770344447,6.293556667214135,-0.04537229657818955,2.103,0.9999999998441804,-1.2353181197713816,0.6010587158391143,2026-03-27 03:33:32.229000
XRPUSDT,1598286421.0,1.3654,1600.0,,,True,3.2371511625904583,0.5727454364298118,6.326224836168804,-0.04612932495256756,2.103,0.9999999998375771,-1.2454004662061706,0.6060268260937202,2026-03-27 03:33:32.229000
XRPUSDT,1598286422.0,1.3654,160.0,,,True,3.2779403923870296,0.5733530762229503,6.358839371666879,-0.046892199421141714,2.103,0.9999999998308159,-1.2554715428261658,0.6109949519042007,2026-03-27 03:33:32.229000
XRPUSDT,1598286423.0,1.3654,1798.1,,,True,3.3188995198576143,0.5739604946598644,6.3914011825400445,-0.047660906439855724,2.103,0.9999999998238925,-1.265531258187123,0.6159630934000853,2026-03-27 03:33:32.229000
XRPUSDT,1598286424.0,1.3654,15.0,,,True,3.3600278459433404,0.5745676899892004,6.423911156958898,-0.04843543236716598,2.103,0.9999999998168062,-1.2755795209381802,0.6209312507103389,2026-03-27 03:33:32.229000
XRPUSDT,1598286425.0,1.3654,3.7,,,True,3.4013246801876735,0.5751746604622666,6.456370163024304,-0.04921576346443966,2.103,0.999999999809555,-1.2856162398340067,0.6258994239633704,2026-03-27 03:33:32.229000
XRPUSDT,1598286426.0,1.3654,3.9,,,True,3.442789340561966,0.5757814043330526,6.488779049337374,-0.05000188589634803,2.103,0.9999999998021358,-1.2956413237270001,0.6308676132870386,2026-03-27 03:33:32.229000
XRPUSDT,1598286427.0,1.3654,3.7,,,True,3.484421153295912,0.5763879198582489,6.52113864554902,-0.05079378573126714,2.103,0.9999999997945481,-1.30565468157274,0.6358358188086587,2026-03-27 03:33:32.229000
XRPUSDT,1598286428.0,1.3653,1456.5,,,True,3.498011511230648,0.5763879198582489,6.546563705099284,-0.016713422827336972,2.103,0.9999999997829052,,0.6408040293366593,2026-03-27 03:33:32.229000
XRPUSDT,1598286429.0,1.3654,7.3,,,False,3.568183517036514,0.5776002589122516,6.585713179059559,-0.08726577699720511,1.022,0.9999999997788697,-58.19523336885583,0.6457715295149319,2026-03-27 03:33:33.251000
XRPUSDT,1598286430.0,1.3653,66.4,,,True,3.5818829373105796,0.5776002589122516,6.61099479116046,-0.017238831828933637,3.66,0.9999999997675478,,0.6507408423731907,2026-03-27 03:33:36.911000
XRPUSDT,1598286431.0,1.3654,21.4,,,False,3.652608140627563,0.5788116637325389,6.6501004316239,-0.08997858177063699,1.95,0.999999999762604,-60.045782156005416,0.6557089943846255,2026-03-27 03:33:38.861000
XRPUSDT,1598286432.0,1.3654,5.0,,,False,3.695064987311651,0.579417011476005,6.682225175683697,-0.05483830447140566,3.939,0.9999999997541721,58.049736995838316,0.6606785853743888,2026-03-27 03:33:42.800000
XRPUSDT,1598286433.0,1.3654,5.0,,,False,3.7376928857443565,0.5800221204718082,6.714307132744099,-0.05567475698787769,2.883,0.9999999997439816,-1.382317106956402,0.6656474420902387,2026-03-27 03:33:45.683000
XRPUSDT,1598286434.0,1.3653,5.0,,,True,3.7516229117784716,0.5800221204718082,6.739316223470218,-0.0183319889486055,5.718,0.999999999729108,,0.6706183638039092,2026-03-27 03:33:51.401000
XRPUSDT,1598286435.0,1.3654,50.9,,,False,3.8234391751307086,0.5812316153277963,6.778340591083032,-0.09551579295071902,3.123,0.9999999997205251,-63.81490886049165,0.6755874105451247,2026-03-27 03:33:54.524000
XRPUSDT,1598286436.0,1.3653,5.0,,,True,3.8374804485798677,0.5812316153277963,6.803217815547389,-0.018886655579865935,3.288,0.999999999702922,,0.6805566035234157,2026-03-27 03:33:57.812000
XRPUSDT,1598286437.0,1.3653,21.8,,,True,3.8806468278907933,0.5818359977488159,6.835104486529969,-0.058472006862290954,3.28,0.9999999996894635,-65.49719168808095,0.6855257975021126,2026-03-27 03:34:01.092000
XRPUSDT,1598286438.0,1.3654,16.4,,,False,3.9532545331789883,0.5830440240006385,6.874069692953685,-0.09974594201239084,2.377,0.9999999996808527,-34.16642236692163,0.6904943388921553,2026-03-27 03:34:03.469000
XRPUSDT,1598286439.0,1.3653,43.9,,,True,3.967456935259678,0.5830440240006385,6.89875408339799,-0.019727047480112385,0.429,0.9999999996617019,,0.6954613755972299,2026-03-27 03:34:03.898000
XRPUSDT,1598286440.0,1.3653,38.3,,,True,4.011091347416442,0.5836476644096708,6.930516294018486,-0.061025011615819205,3.482,0.9999999996497368,-68.41484353559761,0.7004308250205002,2026-03-27 03:34:07.380000
XRPUSDT,1598286441.0,1.3654,469.6,,,False,4.084492730898427,0.5848541912616109,6.9694295537786815,-0.10407428578326586,3.007,0.9999999996415215,-35.68032828960475,0.7053999389245211,2026-03-27 03:34:10.387000
XRPUSDT,1598286442.0,1.3654,3.7,,,False,4.128559399229541,0.5854570743004736,7.001138736917379,-0.0633610468810083,3.007,0.9999999996272771,67.5309077844704,0.710369093798176,2026-03-27 03:34:10.387000
XRPUSDT,1598286443.0,1.3654,3.9,,,False,4.172783697590797,0.586059701483556,7.032809770104269,-0.06424388668612609,3.007,0.9999999996124975,-1.4649850353613822,0.7153382729374237,2026-03-27 03:34:10.387000
XRPUSDT,1598286444.0,1.3654,3.9,,,False,4.217164873309069,0.586662071116344,7.064443180855828,-0.06513197349004751,3.007,0.9999999995972054,-1.4743220036026108,0.7203074765476681,2026-03-27 03:34:10.387000
XRPUSDT,1598286445.0,1.3654,3.9,,,False,4.261702377673365,0.5872641815073603,7.096039533056717,-0.06602557503630463,3.007,0.9999999995813986,-1.4841158026669259,0.7252767048325506,2026-03-27 03:34:10.387000
XRPUSDT,1598286446.0,1.3654,3.9,,,False,4.30639566774671,0.5878660309681806,7.12759937915366,-0.06692467569254637,3.007,0.9999999995650757,-1.4938962560775204,0.7302459579940972,2026-03-27 03:34:10.387000
XRPUSDT,1598286447.0,1.3654,3.7,,,False,4.351244206266683,0.588467617813453,7.159123260435371,-0.06782925973958655,3.007,0.9999999995482353,-1.503663276796725,0.7352152362327544,2026-03-27 03:34:10.387000
XRPUSDT,1598286448.0,1.3654,307.4,,,False,4.396247461547736,0.5890689403609153,7.190611707303721,-0.06873931137092737,3.007,0.9999999995308755,-1.513416776373153,0.7401845397474208,2026-03-27 03:34:10.387000
XRPUSDT,1598286449.0,1.3654,200.0,,,False,4.441404907385841,0.5896699969314124,7.222065239536596,-0.06965481469321363,3.007,0.9999999995129951,-1.5231566664832326,0.7451538687354785,2026-03-27 03:34:10.387000
XRPUSDT,1598286450.0,1.3654,400.0,,,False,4.486716022965411,0.5902707858489141,7.253484366542771,-0.07057575372667221,3.007,0.999999999494592,-1.5328828589052093,0.7501232233928226,2026-03-27 03:34:10.387000
XRPUSDT,1598286451.0,1.3654,3.9,,,False,4.532180292768412,0.5908713054405329,7.284869587609095,-0.07150211240556374,8.752,0.9999999994756646,-1.5425952655339903,0.7550979480237854,2026-03-27 03:34:19.139000
XRPUSDT,1598286452.0,1.3654,3.9,,,False,4.577827807957498,0.5914715540365413,7.316228786397063,-0.07248268703879454,8.752,0.999999999448946,-1.6336142054334946,0.7600727345637696,2026-03-27 03:34:19.139000
XRPUSDT,1598286453.0,1.3654,3.2,,,False,4.623627885428558,0.5920715299703889,7.347555143949589,-0.07342144977474213,8.752,0.9999999994176073,-1.5646673191161395,0.7650475838947409,2026-03-27 03:34:19.139000
XRPUSDT,1598286454.0,1.3654,5.0,,,False,4.6695800302875545,0.5926712315787207,7.378849131663794,-0.07436561446279275,0.641,0.9999999993814894,-1.5743907885740729,0.770014650219534,2026-03-27 03:34:19.780000
XRPUSDT,1598286455.0,1.3653,7.4,,,True,4.684618521858707,0.5926712315787207,7.402613493347817,-0.024497080770179713,0.315,0.999999999343042,,0.7749814080154871,2026-03-27 03:34:20.095000
XRPUSDT,1598286456.0,1.3653,4.4,,,True,4.730726145633995,0.5932706572013932,7.433812086028521,-0.0755629885591567,0.315,0.999999999315999,-85.19139966240803,0.7799481747084678,2026-03-27 03:34:20.095000
XRPUSDT,1598286457.0,1.3653,4.1,,,True,4.776984025087319,0.5938698051814922,7.464979636589718,-0.07651735677019425,0.315,0.999999999290587,-1.5928756212776087,0.7849149520687551,2026-03-27 03:34:20.095000
XRPUSDT,1598286458.0,1.3653,3.7,,,True,4.823391697748586,0.5944686738653499,7.496116584375592,-0.07747706743732707,0.315,0.9999999992667181,-1.602539409726434,0.7898817399675997,2026-03-27 03:34:20.095000
XRPUSDT,1598286459.0,1.3653,8.0,,,True,4.869948682134462,0.5950672616025614,7.527223354630694,-0.07844206507391943,0.315,0.9999999992443143,-1.612123965465245,0.7948485382798237,2026-03-27 03:34:20.095000
XRPUSDT,1598286460.0,1.3653,73.2,,,True,4.916654501379953,0.5956655667460027,7.558300364411919,-0.07941233277194838,0.315,0.9999999992232991,-1.6216937271310232,0.7998153468837065,2026-03-27 03:34:20.095000
XRPUSDT,1598286461.0,1.3653,37.9,,,True,4.963508683165085,0.5962635876518463,7.589348022772119,-0.0803878535415997,0.315,0.9999999992036019,-1.6312486070619927,0.804782165660875,2026-03-27 03:34:20.095000
XRPUSDT,1598286462.0,1.3654,800.0,,,False,5.042218868513716,0.597458770192018,7.6279943570667665,-0.1366278054417546,2.572,0.9999999991968341,-47.05553336821283,0.8097513967167944,2026-03-27 03:34:22.667000
XRPUSDT,1598286463.0,1.3654,400.0,,,False,5.089479716014396,0.5980559285553274,7.659007586638177,-0.0830295815778968,2.572,0.9999999991767059,89.7554604557807,0.814720668762399,2026-03-27 03:34:22.667000
XRPUSDT,1598286464.0,1.3654,200.0,,,False,5.1368876306854165,0.5986527961390353,7.689992621591776,-0.08402510802387474,2.572,0.9999999991561911,-1.6679184347614087,0.8196899657447742,2026-03-27 03:34:22.667000
XRPUSDT,1598286465.0,1.3654,3426.4,,,False,5.184441955628944,0.5992493713160504,7.720949791966897,-0.08502545635877291,0.002,0.9999999991353098,-1.676818569460741,0.8246564372148351,2026-03-27 03:34:22.669000
XRPUSDT,1598286466.0,1.3654,165.4,,,False,5.23212507365324,0.5998456524626772,7.751875348785752,-0.08599987499650279,0.001,0.9999999991176876,-1.6341597302584936,0.8296229156253737,2026-03-27 03:34:22.670000
XRPUSDT,1598286467.0,1.3654,3.7,,,False,5.279953492607865,0.6004416379586334,7.7827737301659266,-0.08700959631704858,0.001,0.9999999991014117,-1.6942045190643686,0.8345894019486865,2026-03-27 03:34:22.670000
XRPUSDT,1598286468.0,1.3654,3.9,,,False,5.3279267790395926,0.6010373261870655,7.813645295987775,-0.0880244450882675,0.001,0.999999999086411,-1.7036575892896333,0.8395558960445743,2026-03-27 03:34:22.670000
XRPUSDT,1598286469.0,1.3654,3.7,,,False,5.376044496769787,0.6016327155345658,7.844490397807119,-0.08904439157248793,0.001,0.9999999990726204,-1.7130747946745937,0.8445223977761361,2026-03-27 03:34:22.670000
XRPUSDT,1598286470.0,1.3654,3.9,,,False,5.424306213536351,0.602227804391187,7.875309380607676,-0.09006941798632781,0.001,0.9999999990599763,-1.7224762360024806,0.849488907009674,2026-03-27 03:34:22.670000
XRPUSDT,1598286471.0,1.3654,3.9,,,False,5.472711500935462,0.6028225911504597,7.906102582940326,-0.09109950647001261,0.001,0.9999999990484189,-1.7318618271603048,0.8544554236145989,2026-03-27 03:34:22.670000
XRPUSDT,1598286472.0,1.3654,3.9,,,False,5.521259934364514,0.603417074209407,7.936870337058698,-0.09213463908786801,0.001,0.9999999990378916,-1.741231482169151,0.8594219474633407,2026-03-27 03:34:22.670000
XRPUSDT,1598286473.0,1.3654,3.8,,,False,5.569951092966225,0.6040112519685614,7.967612969051173,-0.0931747978288407,0.001,0.9999999990283417,-1.7505851152237941,0.8643884784312627,2026-03-27 03:34:22.670000
XRPUSDT,1598286474.0,1.3654,3.9,,,False,5.618784559573899,0.6046051228319795,7.998330798969431,-0.09421996460699696,0.001,0.9999999990197165,-1.7599226406573487,0.8693550163965764,2026-03-27 03:34:22.670000
XRPUSDT,1598286475.0,1.3654,3.9,,,False,5.667759920657801,0.6051986852072582,8.029024140953652,-0.09527012126204087,0.001,0.9999999990119681,-1.7692439729707394,0.8743215612402623,2026-03-27 03:34:22.670000
XRPUSDT,1598286476.0,1.3654,3.7,,,False,5.716876766272604,0.6057919375055502,8.059693303354475,-0.0963252495598162,0.001,0.9999999990050507,-1.7785490268020854,0.8792881128459895,2026-03-27 03:34:22.670000
XRPUSDT,1598286477.0,1.3654,3.7,,,False,5.766134690005909,0.6063848781415794,8.090338588851813,-0.09738533119282052,0.001,0.9999999989989204,-1.7878377169482569,0.8842546711000422,2026-03-27 03:34:22.670000
XRPUSDT,1598286478.0,1.3654,3.9,,,False,5.815533288927784,0.6069775055336563,8.120960294570615,-0.09845034778072917,0.001,0.9999999989935361,-1.7971099583775005,0.8892212358912454,2026-03-27 03:34:22.670000
XRPUSDT,1598286479.0,1.3655,3.9,,,False,5.898392761838081,0.6081618142772183,8.159501091696391,-0.16684432685546982,0.001,0.9999999990019727,-57.75012592496276,0.8941878071183328,2026-03-27 03:34:22.671000
XRPUSDT,1598286480.0,1.3655,3.9,,,False,5.948163945102013,0.6087534924833945,8.190094261430444,-0.10129862288157798,0.001,0.9999999989979458,110.77931093235082,0.8991543846743685,2026-03-27 03:34:22.671000
XRPUSDT,1598286481.0,1.3655,3.7,,,False,5.998074360285564,0.6093448511550299,8.220664605046542,-0.10238127966945898,0.001,0.9999999989945445,-1.830795488103547,0.9041209684485718,2026-03-27 03:34:22.671000
XRPUSDT,1598286482.0,1.3655,7.4,,,False,6.048123619909347,0.6099358887285952,8.251212399000634,-0.10346878154749943,0.001,0.9999999989917339,-1.839987721051984,0.9090875583392506,2026-03-27 03:34:22.671000
XRPUSDT,1598286483.0,1.3655,5.5,,,False,6.098311339803121,0.6105266036442378,8.281737914746092,-0.10456110991225541,0.001,0.9999999989894841,-1.8491633372209442,0.9140541542469242,2026-03-27 03:34:22.671000
XRPUSDT,1598286484.0,1.3655,3.9,,,False,6.1486371389684775,0.6111169943457976,8.312241418811066,-0.10565824590244308,0.001,0.9999999989877641,-1.8583219337451415,0.9190207560742628,2026-03-27 03:34:22.671000
XRPUSDT,1598286485.0,1.3655,73.2,,,False,6.199100639535435,0.6117070592808201,8.34272317289556,-0.10676017058805874,0.001,0.9999999989865456,-1.8674634268405297,0.9239873637260302,2026-03-27 03:34:22.671000
XRPUSDT,1598286486.0,1.3655,73.2,,,False,6.249701466719849,0.6122967969005723,8.373183433966101,-0.10786686497089358,0.001,0.9999999989858015,-1.8765877328633227,0.9289539771090272,2026-03-27 03:34:22.671000
XRPUSDT,1598286487.0,1.3655,1150.4,,,False,6.300439248781639,0.6128862056600565,8.403622454348136,-0.10897830998506557,0.001,0.9999999989855055,-1.8856947683380305,0.9339205961320378,2026-03-27 03:34:22.671000
XRPUSDT,1598286488.0,1.3655,3.7,,,False,6.3513136169837825,0.6134752840180251,8.434040481816158,-0.11009448649754533,0.097,0.9999999989856337,-1.894784449947866,0.9388873596349252,2026-03-27 03:34:22.768000
XRPUSDT,1598286489.0,1.3655,3.9,,,False,6.402325111672336,0.6140640304369945,8.464437974420129,-0.11121735764298617,0.097,0.9999999989860625,-1.9072237371844047,0.9438541293009148,2026-03-27 03:34:22.768000
XRPUSDT,1598286490.0,1.3655,3.9,,,False,6.453472473517507,0.6146524433832599,8.494814958395573,-0.11234299013301267,0.097,0.9999999989868238,-1.9129974912532568,0.9488209050545243,2026-03-27 03:34:22.768000
XRPUSDT,1598286491.0,1.3655,3.9,,,False,6.504755342639635,0.6152405213269089,8.525171668398482,-0.11347329704239216,0.097,0.9999999989878995,-1.9220358824647514,0.9537876868218971,2026-03-27 03:34:22.768000
XRPUSDT,1598286492.0,1.3655,3.9,,,False,6.556173362005351,0.615828262741836,8.555508334873213,-0.11460825897973795,0.097,0.9999999989892714,-1.931056598226139,0.9587544745307762,2026-03-27 03:34:22.768000
XRPUSDT,1598286493.0,1.3655,3.9,,,False,6.607726177390366,0.6164156661057564,8.585825184132402,-0.11574785648940882,0.097,0.9999999989909226,-1.940059556460651,0.9637212681104643,2026-03-27 03:34:22.768000
XRPUSDT,1598286494.0,1.3655,3.9,,,False,6.659413437342829,0.6170027299002196,8.616122438434981,-0.11689207005179672,0.097,0.9999999989928381,-1.9490446748364247,0.9686880674917812,2026-03-27 03:34:22.768000
XRPUSDT,1598286495.0,1.3655,3.8,,,False,6.7112347931473595,0.6175894526106238,8.646400316062381,-0.11804088008386503,0.097,0.9999999989950021,-1.9580118711903085,0.9736548726070257,2026-03-27 03:34:22.768000
XRPUSDT,1598286496.0,1.3655,3.8,,,False,6.763189898789708,0.6181758327262291,8.676659031392946,-0.11919426693968202,0.097,0.9999999989973996,-1.9669610635183123,0.9786216833899369,2026-03-27 03:34:22.768000
XRPUSDT,1598286497.0,1.3655,3.7,,,False,6.815278410922072,0.6187618687401714,8.70689879497463,-0.12035221091095274,0.097,0.9999999990000175,-1.9758921699730836,0.9835884997756581,2026-03-27 03:34:22.768000
XRPUSDT,1598286498.0,1.3655,3.9,,,False,6.867499988829024,0.6193475591494755,8.737119813596047,-0.12151469222757451,0.097,0.9999999990028428,-1.9848051089020788,0.9885553217007004,2026-03-27 03:34:22.768000
XRPUSDT,1598286499.0,1.3655,3.9,,,False,6.919854294394049,0.6199329024550693,8.76732229035586,-0.12268169105816566,0.097,0.9999999990058627,-1.9936997987998135,0.9935221491029069,2026-03-27 03:34:22.768000
XRPUSDT,1598286500.0,1.3655,3.7,,,False,6.972340992066668,0.6205178971617965,8.797506424730617,-0.12385318751060975,0.097,0.9999999990090648,-2.002576158334912,0.998488981921421,2026-03-27 03:34:22.768000
XRPUSDT,1598286501.0,1.3656,3.7,,,False,7.060257921485277,0.6216868348176852,8.835976688590241,-0.20930257190586582,0.097,0.9999999990238538,-73.10003571601528,1.0034558209028512,2026-03-27 03:34:22.768000
XRPUSDT,1598286502.0,1.3656,3.9,,,False,7.113095676388549,0.6222707747962327,8.866140223142322,-0.1269750522052424,0.097,0.9999999990272935,140.98627037901795,1.0084226658980213,2026-03-27 03:34:22.768000
XRPUSDT,1598286503.0,1.3656,296.0,,,False,7.166064627815953,0.6228543602347122,8.896285898779992,-0.1281625292912912,0.097,0.9999999990308815,-2.0347956061802397,1.0133895161327546,2026-03-27 03:34:22.768000
XRPUSDT,1598286504.0,1.3656,717.9,,,False,7.219164441144247,0.6234375896577441,8.926413899010912,-0.1293543818924608,0.097,0.999999999034609,-2.0435399074583023,1.0183563715511286,2026-03-27 03:34:22.768000
XRPUSDT,1598286505.0,1.3656,3.7,,,False,7.272394794737451,0.6240204615939434,8.956524406525793,-0.1305506151458188,0.097,0.9999999990384676,-2.0523088847923936,1.0233232320983627,2026-03-27 03:34:22.768000
XRPUSDT,1598286506.0,1.3656,7.4,,,False,7.325755369321236,0.6246029745759315,8.986617600765523,-0.13175120876218815,0.097,0.9999999990424469,-2.061058986654325,1.0282900977207916,2026-03-27 03:34:22.768000
XRPUSDT,1598286507.0,1.3656,4.1,,,False,7.379245847954144,0.6251851271403499,9.01669365797918,-0.13295614239597814,0.097,0.9999999990465397,-2.069790133096411,1.0332569683658388,2026-03-27 03:34:22.768000
XRPUSDT,1598286508.0,1.3656,3.7,,,False,7.4328659159993276,0.6257669178278716,9.04675275128074,-0.13416539564569832,0.097,0.9999999990507384,-2.078502244288692,1.0382238439819877,2026-03-27 03:34:22.768000
XRPUSDT,1598286509.0,1.3656,3.9,,,False,7.486615261096749,0.6263483451832143,9.076795050704575,-0.1353789480545302,0.097,0.9999999990550353,-2.0871952406105723,1.0431907245187584,2026-03-27 03:34:22.768000
XRPUSDT,1598286510.0,1.3656,3.9,,,False,7.540493573135851,0.6269294077551523,9.10682072325975,-0.13659677911085435,0.097,0.9999999990594233,-2.0958690425754156,1.04815760992668,2026-03-27 03:34:22.768000
XRPUSDT,1598286511.0,1.3656,3.7,,,False,7.594500544228694,0.6275101040965289,9.136829932983128,-0.13781886824883705,0.097,0.9999999990638951,-2.1045235709349126,1.0531245001572682,2026-03-27 03:34:22.768000
XRPUSDT,1598286512.0,1.3656,3.9,,,False,7.648635868683517,0.6280904327642688,9.166822840991363,-0.13904519484894082,0.097,0.9999999990684447,-2.1131587465420973,1.0580913951630002,2026-03-27 03:34:22.768000
XRPUSDT,1598286513.0,1.3656,3.7,,,False,7.702899242978762,0.6286703923193898,9.19679960553176,-0.1402757382385196,0.097,0.9999999990730669,-2.1217744905021902,1.0630582948972933,2026-03-27 03:34:22.768000
XRPUSDT,1598286514.0,1.3656,50.1,,,True,7.757290365737517,0.6292499813270148,9.226760382032085,-0.14151047769232522,3.165,0.9999999990777539,-2.130370724015696,1.0680309396768048,2026-03-27 03:34:25.933000
XRPUSDT,1598286515.0,1.3657,3.7,,,False,7.848350227232308,0.6304080419808662,9.265221872506366,-0.23883243368481644,0.632,0.9999999990898747,-84.03873809962047,1.0729988376097963,2026-03-27 03:34:26.565000
XRPUSDT,1598286516.0,1.3657,3.9,,,False,7.9030874199439625,0.6309865107779706,9.295166917081854,-0.144812527311218,0.632,0.9999999990929342,162.53237312750701,1.0779667494657885,2026-03-27 03:34:26.565000
XRPUSDT,1598286517.0,1.3657,6.6,,,False,7.95795141636427,0.631564603329359,9.325096362472213,-0.1460626751540006,0.632,0.9999999990958695,-2.162539267769686,1.0829346703730063,2026-03-27 03:34:26.565000
XRPUSDT,1598286518.0,1.3656,5.0,,,True,7.976188358643418,0.631564603329359,9.346461040119529,-0.04877579040579562,0.135,0.9999999990889894,,1.087901627891023,2026-03-27 03:34:26.700000
XRPUSDT,1598286519.0,1.3656,3351.7,,,True,8.031214175180224,0.6321423182208568,9.376344195792711,-0.1477484953032408,4.267,0.9999999990921893,-171.31755880631732,1.0928766643866068,2026-03-27 03:34:30.967000
XRPUSDT,1598286520.0,1.3656,699.0,,,True,8.086423510980621,0.632719654042464,9.406225609497174,-0.14916386408300497,4.267,0.9999999990918257,-2.4515519855046244,1.0978517388697278,2026-03-27 03:34:30.967000
XRPUSDT,1598286521.0,1.3656,3.7,,,True,8.141759056803679,0.6332966093883672,9.436092149519421,-0.1504307286448797,4.267,0.9999999990895478,-2.1957757578128128,1.102826851758649,2026-03-27 03:34:30.967000
XRPUSDT,1598286522.0,1.3656,3.9,,,True,8.197220531678033,0.6338731828569507,9.465943951022833,-0.15170166056296414,4.267,0.9999999990852894,-2.204284427458564,1.1078020034156024,2026-03-27 03:34:30.967000
XRPUSDT,1598286523.0,1.3656,3.9,,,True,8.252807656187876,0.6344493730508074,9.495781146663772,-0.1529766378640755,4.267,0.9999999990789897,-2.2127716068498247,1.1127771941982605,2026-03-27 03:34:30.967000
XRPUSDT,1598286524.0,1.3656,3.9,,,True,8.308520152816742,0.6350251785767497,9.525603866716983,-0.15425563951032328,4.267,0.9999999990705891,-2.2212389229067617,1.1177524244598176,2026-03-27 03:34:30.967000
XRPUSDT,1598286525.0,1.3656,3.9,,,True,8.364357745926172,0.635600598045821,9.555412239115173,-0.15553864441574644,4.267,0.9999999990600332,-2.2296862973610123,1.122727694549062,2026-03-27 03:34:30.967000
XRPUSDT,1598286526.0,1.3656,3.9,,,True,8.420320161734727,0.6361756300733064,9.585206389487817,-0.15682563144679565,4.267,0.999999999047269,-2.238113651994902,1.1277030048104493,2026-03-27 03:34:30.967000
XRPUSDT,1598286527.0,1.3656,3.9,,,True,8.476407128297314,0.6367502732787422,9.614986441199182,-0.1581165794229373,4.267,0.9999999990322473,-2.246520908852388,1.1326783555841748,2026-03-27 03:34:30.967000
XRPUSDT,1598286528.0,1.3656,1854.1,,,True,8.53261837548484,0.637324526285929,9.644752515385598,-0.15941146711713639,4.267,0.9999999990149208,-2.2549079900212776,1.137653747206241,2026-03-27 03:34:30.967000
XRPUSDT,1598286529.0,1.3656,5473.8,,,True,8.58895363496417,0.63789838772294,9.674504730991975,-0.16071027325644965,4.267,0.9999999989952462,-2.2632748178340134,1.142629180008526,2026-03-27 03:34:30.967000
XRPUSDT,1598286530.0,1.3656,3.7,,,True,8.645412640178387,0.6384718562221326,9.704243204807621,-0.16201297652250535,4.267,0.9999999989731797,-2.271621314666466,1.1476046543188485,2026-03-27 03:34:30.967000
XRPUSDT,1598286531.0,1.3656,3.8,,,True,8.70199512632736,0.6390449304201585,9.733968051501344,-0.1633195555521132,4.267,0.9999999989486831,-2.2799474031612927,1.1525801704610315,2026-03-27 03:34:30.967000
XRPUSDT,1598286532.0,1.3656,432.8,,,True,8.758700830348593,0.6396176089579739,9.763679383655862,-0.16462998893774095,4.267,0.9999999989217189,-2.2882530059999757,1.1575557287549665,2026-03-27 03:34:30.967000
XRPUSDT,1598286533.0,1.3656,14.1,,,True,8.815529490898378,0.6401898904808495,9.793377311801573,-0.1659442552281165,4.267,0.9999999988922518,-2.296538046120513,1.1625313295166693,2026-03-27 03:34:30.967000
XRPUSDT,1598286534.0,1.3656,3.8,,,True,8.872480848333215,0.6407617736383814,9.823061944449634,-0.16726233292870615,4.267,0.9999999988602476,-2.3048024464965726,1.1675069730583456,2026-03-27 03:34:30.967000
XRPUSDT,1598286535.0,1.3656,3.7,,,True,8.929554644691517,0.6413332570845002,9.852733388124408,-0.16858420050232875,4.267,0.9999999988256769,-2.313046130382272,1.1724826596884412,2026-03-27 03:34:30.967000
XRPUSDT,1598286536.0,1.3656,3.9,,,True,8.986750623675578,0.6419043394774813,9.882391747395337,-0.16990983636962367,4.267,0.9999999987885075,-2.321269021051418,1.1774583897117055,2026-03-27 03:34:30.967000
XRPUSDT,1598286537.0,1.3656,3.9,,,True,9.04406853063382,0.6424750194799544,9.912037124908123,-0.17123921890967023,4.267,0.9999999987487133,-2.3294710420644766,1.1824341634292392,2026-03-27 03:34:30.967000
XRPUSDT,1598286538.0,1.3656,3.7,,,True,9.101508112543288,0.6430452957589139,9.941669621415388,-0.17257232646046178,4.267,0.9999999987062679,-2.3376521170124795,1.187409981138552,2026-03-27 03:34:30.967000
XRPUSDT,1598286539.0,1.3656,3.7,,,True,9.159069117992413,0.6436151669857274,9.971289335806713,-0.17390913731949686,4.267,0.9999999986611453,-2.34581216972471,1.1923858431336123,2026-03-27 03:34:30.967000
XRPUSDT,1598286540.0,1.3656,3.7,,,True,9.216751297164011,0.6441846318361464,10.000896365138125,-0.17524962974430738,4.267,0.9999999986133233,-2.353951124155016,1.1973617497048976,2026-03-27 03:34:30.967000
XRPUSDT,1598286541.0,1.3655,7.4,,,True,9.235919107858688,0.6441846318361464,10.021638695523668,-0.0584805267389547,0.051,0.9999999985487272,,1.20232785048839,2026-03-27 03:34:31.018000
XRPUSDT,1598286542.0,1.3655,3.9,,,True,9.293689247211836,0.6447536889903148,10.051191829819327,-0.17685866910036346,0.051,0.9999999985043116,-208.0250489678741,1.207293960824179,2026-03-27 03:34:31.018000
XRPUSDT,1598286543.0,1.3655,3.9,,,True,9.351579395714815,0.645322337132779,10.080732533671078,-0.17820386833813978,0.051,0.9999999984617707,-2.365609130361504,1.212260081012532,2026-03-27 03:34:31.018000
XRPUSDT,1598286544.0,1.3655,3.9,,,True,9.4095893119667,0.645890574952496,10.110260897975333,-0.17955265884655633,0.051,0.9999999984210395,-2.373637342703067,1.2172262109427907,2026-03-27 03:34:31.018000
XRPUSDT,1598286545.0,1.3655,3.7,,,True,9.467718749149055,0.646458401142844,10.139777010349054,-0.1809049973485088,0.051,0.9999999983820561,-2.381606422774618,1.222192350506109,2026-03-27 03:34:31.018000
XRPUSDT,1598286546.0,1.3655,3.8,,,True,9.525967461964333,0.6470258144016303,10.169280956749956,-0.1822608617547878,0.051,0.9999999983447605,-2.3895536194893565,1.227158499595418,2026-03-27 03:34:31.018000
XRPUSDT,1598286547.0,1.3655,3.9,,,True,9.584335206620322,0.6475928134311006,10.198772821502327,-0.18362022994166208,0.051,0.9999999983090951,-2.3974788601386923,1.2321246581053884,2026-03-27 03:34:31.018000
XRPUSDT,1598286548.0,1.3655,3.9,,,True,9.642821740814806,0.6481593969379479,10.228252687322358,-0.18498307975136413,0.051,0.9999999982750032,-2.405382072072035,1.2370908259323967,2026-03-27 03:34:31.018000
XRPUSDT,1598286549.0,1.3655,3.8,,,True,9.701426823720432,0.6487255636333212,10.257720635343047,-0.1863493889927242,0.051,0.9999999982424318,-2.413263182955492,1.24205700297449,2026-03-27 03:34:31.018000
XRPUSDT,1598286550.0,1.3655,3.9,,,True,9.760150215969805,0.649291312232834,10.287176745138613,-0.18771913544165209,0.051,0.9999999982113292,-2.421122120510001,1.2470231891313528,2026-03-27 03:34:31.018000
XRPUSDT,1598286551.0,1.3655,3.9,,,True,9.818991679640801,0.6498566414565735,10.316621094748506,-0.1890922968417895,0.051,0.9999999981816441,-2.428958812803347,1.2519893843042742,2026-03-27 03:34:31.018000
XRPUSDT,1598286552.0,1.3655,3.7,,,True,9.87795097824206,0.6504215500291078,10.346053760700968,-0.19046885090499382,0.051,0.9999999981533284,-2.436773187966947,1.2569555883961143,2026-03-27 03:34:31.018000
XRPUSDT,1598286553.0,1.3655,3.9,,,True,9.937027876698709,0.650986036679496,10.375474818036174,-0.19184877531195577,0.051,0.9999999981263352,-2.444565174416768,1.2619218013112774,2026-03-27 03:34:31.018000
XRPUSDT,1598286554.0,1.3655,3.7,,,True,9.996222141338254,0.6515501001412946,10.404884340328973,-0.19323204771271876,0.051,0.9999999981006193,-2.4523347006952387,1.266888022955678,2026-03-27 03:34:31.018000
XRPUSDT,1598286555.0,1.3654,161.1,,,True,10.015796407761522,0.6515501001412946,10.425264524562587,-0.06415183659582689,0.112,0.9999999980583034,,1.2718544090650215,2026-03-27 03:34:31.130000
XRPUSDT,1598286556.0,1.3654,161.1,,,True,10.075148372761545,0.652113739152567,10.454640692422391,-0.1951323865990617,0.015,0.9999999980347538,-232.38375517610515,1.2768205537012736,2026-03-27 03:34:31.145000
XRPUSDT,1598286557.0,1.3654,161.1,,,True,10.134615236866646,0.6526769524558912,10.484005181466372,-0.19651758504363534,0.003,0.9999999980124953,-2.4594561889747513,1.281786675388037,2026-03-27 03:34:31.148000
XRPUSDT,1598286558.0,1.3654,161.1,,,True,10.194198451301695,0.6532397387983676,10.513358440990773,-0.1979115555828121,0.003,0.9999999979914147,-2.4769089687622685,1.2867528050333925,2026-03-27 03:34:31.151000
XRPUSDT,1598286559.0,1.3654,161.1,,,True,10.253898025988699,0.6538020969316269,10.542700591258228,-0.1993095628989167,0.007,0.9999999979714609,-2.485973320954707,1.2917189530625481,2026-03-27 03:34:31.158000
XRPUSDT,1598286560.0,1.3654,161.1,,,True,10.31371381578753,0.6543640256118385,10.572031715661629,-0.20071107469784405,0.002,0.9999999979525872,-2.4941097478771703,1.2966850956647298,2026-03-27 03:34:31.160000
XRPUSDT,1598286561.0,1.3654,145.1,,,True,10.373645412296796,0.6549255235997171,10.601351836429915,-0.20211517979559301,0.43,0.9999999979347693,-2.5006413701565338,1.3016523872118484,2026-03-27 03:34:31.590000
XRPUSDT,1598286562.0,1.3655,73.2,,,False,10.473978302839246,0.6560472225641103,10.639754624118476,-0.34045895009914007,1.38,0.9999999979358108,-123.33413392994312,1.3066222554101292,2026-03-27 03:34:32.970000
XRPUSDT,1598286563.0,1.3655,473.7,,,False,10.534246430998817,0.6566074210848526,10.669069691196778,-0.20592391648776082,3.213,0.9999999979172548,240.15599583003683,1.3115971456486186,2026-03-27 03:34:36.183000
XRPUSDT,1598286564.0,1.3655,4.5,,,False,10.59466913936191,0.657167184001731,10.698382766957176,-0.20747620870971717,2.067,0.9999999978951164,-2.773124433845791,1.3165689290664822,2026-03-27 03:34:38.250000
XRPUSDT,1598286565.0,1.3654,2.1,,,True,10.614676752679479,0.657167184001731,10.718557609273804,-0.06896445644082871,1.638,0.9999999978542254,,1.3215395364504707,2026-03-27 03:34:39.888000
XRPUSDT,1598286566.0,1.3654,11.6,,,True,10.675219637360474,0.6577265100983024,10.7478316075714,-0.20930880944231528,1.638,0.9999999978321332,-250.91686917843273,1.326510152086604,2026-03-27 03:34:39.888000
XRPUSDT,1598286567.0,1.3654,35.1,,,True,10.73587710929742,0.6582853981627135,10.777094968963802,-0.21073322877376222,0.893,0.9999999978096322,-2.5486665795017984,1.331478718844006,2026-03-27 03:34:40.781000
XRPUSDT,1598286568.0,1.3655,535.4,,,False,10.837366514713969,0.6594018553706328,10.815495767898422,-0.35469739523836075,0.793,0.999999997807423,-128.94732144091594,1.3364470297487,2026-03-27 03:34:41.574000
XRPUSDT,1598286569.0,1.3654,6.0,,,True,10.857500899272518,0.6594018553706328,10.835582352318239,-0.07076725154806958,1.831,0.999999997767061,,1.3414182872559246,2026-03-27 03:34:43.405000
XRPUSDT,1598286570.0,1.3655,3.9,,,False,10.959390804521151,0.6605165460227274,10.873986317321334,-0.3595467414445075,3.63,0.9999999977639308,-259.06693426898573,1.3463946954772303,2026-03-27 03:34:47.035000
XRPUSDT,1598286571.0,1.3655,3.9,,,False,11.020625265854898,0.6610732259096731,10.903227428123246,-0.21752564821041998,3.63,0.9999999977373635,255.1216535113106,1.3513711738610625,2026-03-27 03:34:47.035000
XRPUSDT,1598286572.0,1.3655,3.9,,,False,11.081974231690918,0.6616294605901156,10.932458323277865,-0.21897202288406675,3.63,0.999999997708359,-2.60029574656525,1.3563476919222193,2026-03-27 03:34:47.035000
XRPUSDT,1598286573.0,1.3655,3.7,,,False,11.14343693548197,0.6621852488845233,10.961678927021984,-0.22041937021004435,3.63,0.9999999976769256,-2.604134236975907,1.3613242498811053,2026-03-27 03:34:47.035000
XRPUSDT,1598286574.0,1.3655,3.9,,,False,11.205013171931496,0.662740589618008,10.990889288091049,-0.2218696515243316,3.63,0.9999999976430487,-2.611516186084739,1.366300847954969,2026-03-27 03:34:47.035000
XRPUSDT,1598286575.0,1.3655,3.9,,,False,11.266702736874123,0.6632954816203308,11.020089454145033,-0.22332284401811398,3.63,0.9999999976067152,-2.6188744615153,1.3712774863583548,2026-03-27 03:34:47.035000
XRPUSDT,1598286576.0,1.3655,3.9,,,False,11.328505427268524,0.6638499237259102,11.049279471784779,-0.22477892487389237,3.63,0.9999999975679127,-2.626209014657548,1.3762541653031308,2026-03-27 03:34:47.035000
XRPUSDT,1598286577.0,1.3655,372.9,,,False,11.390421041187105,0.6644039147738257,11.078459386567388,-0.22623787125429234,3.63,0.9999999975266293,-2.6335197759778732,1.3812308849985233,2026-03-27 03:34:47.035000
XRPUSDT,1598286578.0,1.3655,800.0,,,False,11.45244937780579,0.6649574536078247,11.107629243021327,-0.22769966030251332,3.63,0.9999999974828546,-2.640806675947892,1.3862076456511472,2026-03-27 03:34:47.035000
XRPUSDT,1598286579.0,1.3655,200.0,,,False,11.514590237393987,0.665510539076329,11.13678908466131,-0.2291642691429692,3.63,0.9999999974365783,-2.64806964539603,1.3911844474650357,2026-03-27 03:34:47.035000
XRPUSDT,1598286580.0,1.3655,17.4,,,False,11.576843421304627,0.6660631700324401,11.16593895400294,-0.23063167488174907,2.751,0.9999999973877898,-2.655308615185109,1.3961586098766077,2026-03-27 03:34:49.786000
XRPUSDT,1598286581.0,1.3655,4.9,,,False,11.639187194208633,0.6666153453339446,11.195074106349805,-0.2320215515896127,1.39,0.9999999973385951,-2.5170932203533813,1.4011286287179336,2026-03-27 03:34:51.176000
XRPUSDT,1598286582.0,1.3655,28.8,,,False,11.701609128224913,0.6671670638433204,11.224191878322008,-0.23336727727741813,2.599,0.999999997291255,-2.4391526927890723,1.4061024041569645,2026-03-27 03:34:53.775000
XRPUSDT,1598286583.0,1.3655,5.0,,,False,11.764172553454067,0.6677183244277417,11.253306421802188,-0.23495301929591744,0.506,0.9999999972412076,-2.876574279592047,1.4110697058483408,2026-03-27 03:34:54.281000
XRPUSDT,1598286584.0,1.3655,3571.0,,,False,11.82679477424457,0.6682691259590844,11.282399470878714,-0.2362311931852777,0.184,0.9999999971950054,-2.320570689490383,1.4160360145764759,2026-03-27 03:34:54.465000
XRPUSDT,1598286585.0,1.3655,485.4,,,False,11.889519674893162,0.6688194673139319,11.311480855248382,-0.23767669846318965,0.184,0.9999999971508384,-2.6265612518113897,1.4210023347650131,2026-03-27 03:34:54.465000
XRPUSDT,1598286586.0,1.3655,790.9,,,False,11.952355163004963,0.6693693473735801,11.340552409184044,-0.2391553097036843,0.001,0.9999999971082664,-2.6889704664698737,1.4259680866224018,2026-03-27 03:34:54.466000
XRPUSDT,1598286587.0,1.3655,33.6,,,False,12.015296333201778,0.6699187650240422,11.369613126696319,-0.2406184770440084,0.001,0.9999999970676731,-2.6631240170267936,1.4309338481570426,2026-03-27 03:34:54.466000
XRPUSDT,1598286588.0,1.3655,3.8,,,False,12.078347673316978,0.6704677191560539,11.398664079412972,-0.24210198694381213,0.001,0.9999999970287847,-2.702429608039345,1.4358996192687048,2026-03-27 03:34:54.466000
XRPUSDT,1598286589.0,1.3655,3.8,,,False,12.141508991062931,0.6710162086650785,11.427705301287542,-0.24358804702051076,0.001,0.99999999699155,-2.709368278239701,1.4408653998585432,2026-03-27 03:34:54.466000
XRPUSDT,1598286590.0,1.3655,3.9,,,False,12.204780095155979,0.6715642324513119,11.4567368254148,-0.24507663419253675,0.001,0.9999999969559183,-2.716282047275873,1.4458311898290683,2026-03-27 03:34:54.466000
XRPUSDT,1598286591.0,1.3655,3.7,,,False,12.268160795307725,0.6721117894196866,11.485758684043027,-0.24656772536821014,0.001,0.9999999969218406,-2.7231708512436836,1.4507969890841246,2026-03-27 03:34:54.466000
XRPUSDT,1598286592.0,1.3655,3.9,,,False,12.331650902216428,0.6726588784798773,11.514770908586106,-0.2480612974462102,0.001,0.9999999968892705,-2.7300346263177344,1.4557627975288707,2026-03-27 03:34:54.466000
XRPUSDT,1598286593.0,1.3655,3.9,,,False,12.395250227558495,0.6732054985463046,11.54377352963548,-0.24955732731619845,0.001,0.9999999968581608,-2.7368733090355017,1.460728615069753,2026-03-27 03:34:54.466000
XRPUSDT,1598286594.0,1.3655,3.9,,,False,12.458958583980081,0.6737516485381402,11.572766576971821,-0.2510557918592792,0.001,0.9999999968284687,-2.7436868360000135,1.4656944416144868,2026-03-27 03:34:54.466000
XRPUSDT,1598286595.0,1.3655,3.9,,,False,12.522775785088804,0.6742973273793107,11.601750079576643,-0.25255666794860965,0.001,0.9999999968001492,-2.7504751441543833,1.470660277072032,2026-03-27 03:34:54.466000
XRPUSDT,1598286596.0,1.3655,3.9,,,False,12.58670164544552,0.674842533998502,11.63072406564365,-0.2540599324498664,0.001,0.9999999967731613,-2.757238170524157,1.475626121352576,2026-03-27 03:34:54.466000
XRPUSDT,1598286597.0,1.3655,3.7,,,False,12.650735980556254,0.6753872673291642,11.659688562589954,-0.2555655622218585,0.001,0.9999999967474646,-2.763975852481488,1.480591974367508,2026-03-27 03:34:54.466000
XRPUSDT,1598286598.0,1.3655,3.9,,,False,12.714878606864156,0.6759315263095141,11.688643597067133,-0.25707353411695116,0.001,0.9999999967230193,-2.770688127411533,1.4855578360294064,2026-03-27 03:34:54.466000
XRPUSDT,1598286599.0,1.3656,3.7,,,False,12.822146048990216,0.6770186169960096,11.726998941882297,-0.4320542611284723,0.002,0.9999999967253486,-160.96240100779116,1.4905237097027282,2026-03-27 03:34:54.468000
XRPUSDT,1598286600.0,1.3656,3.9,,,False,12.886576374327648,0.6775614466024636,11.755942520760406,-0.26103106611479854,0.002,0.9999999967033693,315.0587089950113,1.495489591877648,2026-03-27 03:34:54.468000
XRPUSDT,1598286601.0,1.3656,7.4,,,False,12.951114327357908,0.6781037976592305,11.784876641116444,-0.26254674795677413,0.002,0.9999999966825205,-2.794650850338946,1.5004554824530096,2026-03-27 03:34:54.468000
XRPUSDT,1598286602.0,1.3656,3.9,,,False,13.015759728440958,0.6786456691284236,11.813801326762388,-0.26406465927393025,0.002,0.9999999966627661,-2.8012386764268666,1.5054213813460084,2026-03-27 03:34:54.468000
XRPUSDT,1598286603.0,1.3656,3.9,,,False,13.080512399174829,0.6791870599769476,11.84271660087217,-0.26558477828941185,0.002,0.9999999966440741,-2.807803308138491,1.5103872884749299,2026-03-27 03:34:54.468000
XRPUSDT,1598286604.0,1.3656,3.9,,,False,13.145372162043788,0.6797279691764998,11.87162248591647,-0.26710708183170184,0.002,0.9999999966264113,-2.814342117956755,1.5153532037591326,2026-03-27 03:34:54.468000
XRPUSDT,1598286605.0,1.3656,2357.1,,,False,13.210338840411026,0.6802683957035756,11.900519003672683,-0.26863154672707357,0.002,0.9999999966097465,-2.820855045033775,1.5203191271190262,2026-03-27 03:34:54.468000
XRPUSDT,1598286606.0,1.3656,3.9,,,False,13.275412258511398,0.6808083385394698,11.929406175234726,-0.27015814980006303,0.002,0.9999999965940494,-2.8273420286450257,1.5252850584760582,2026-03-27 03:34:54.468000
XRPUSDT,1598286607.0,1.3656,3.8,,,False,13.34059224144431,0.6813477966702812,11.958284021022717,-0.2716868678740735,0.002,0.9999999965792895,-2.8338030084205346,1.5302509977526952,2026-03-27 03:34:54.468000
XRPUSDT,1598286608.0,1.3656,3.9,,,False,13.405878615166623,0.6818867690869151,11.9871525607925,-0.27321767777182043,0.002,0.9999999965654384,-2.8402379240619045,1.5352169448724058,2026-03-27 03:34:54.468000
XRPUSDT,1598286609.0,1.3656,3.7,,,False,13.471271206485675,0.6824252547850865,12.016011813645045,-0.27475055631592116,0.002,0.9999999965524684,-2.846646715606634,1.5401828997596474,2026-03-27 03:34:54.468000
XRPUSDT,1598286610.0,1.3656,3.9,,,False,13.536769843052372,0.6829632527653224,12.044861798035708,-0.2762854803293233,0.002,0.9999999965403523,-2.8530293231381987,1.5451488623398466,2026-03-27 03:34:54.468000
XRPUSDT,1598286611.0,1.3656,3.9,,,False,13.602374353354369,0.6835007620329656,12.073702531783363,-0.27782242663593143,0.002,0.999999996529063,-2.859385687147642,1.5501148325393859,2026-03-27 03:34:54.468000
XRPUSDT,1598286612.0,1.3656,3.7,,,False,13.668084566709291,0.6840377815981762,12.102534032079372,-0.27936137206101425,0.002,0.9999999965185762,-2.8657157481392233,1.5550808102855878,2026-03-27 03:34:54.468000
XRPUSDT,1598286613.0,1.3656,7.5,,,True,13.73390031325809,0.6845743104759352,12.131356315496499,-0.28090229343182593,0.051,0.9999999965088654,-2.872019447019975,1.560046978463464,2026-03-27 03:34:54.519000
XRPUSDT,1598286614.0,1.3656,16.6,,,True,13.79982299031093,0.685110347686047,12.160169735891039,-0.2824518885068858,0.031,0.9999999964998163,-2.8908349006905874,1.565013079387305,2026-03-27 03:34:54.550000
XRPUSDT,1598286615.0,1.3657,0.8,,,False,13.909999147536048,0.6861809432066747,12.198484492343406,-0.47419975148671323,2.336,0.9999999965170686,-179.10392794040573,1.5699879177388296,2026-03-27 03:34:56.886000
XRPUSDT,1598286616.0,1.3657,4.1,,,False,13.976276221208993,0.6867154995809358,12.227301785603196,-0.2868103897158597,2.336,0.9999999965050774,350.55116877029343,1.574962803948748,2026-03-27 03:34:56.886000
XRPUSDT,1598286617.0,1.3657,50.0,,,False,14.042658896364985,0.6872495604150443,12.256110005911461,-0.28836569613511864,2.336,0.9999999964915688,-2.912227072137447,1.5799377180016818,2026-03-27 03:34:56.886000
XRPUSDT,1598286618.0,1.3656,5.0,,,True,14.06478859396169,0.6872495604150443,12.275379973512353,-0.09643922772139582,3.114,0.9999999964509527,,1.5849156236837902,2026-03-27 03:35:00
XRPUSDT,1598286619.0,1.3657,13.6,,,False,14.175764791756842,0.6883161916434571,12.313704514438282,-0.4849811331719075,1.021,0.9999999964585043,-364.270138638872,1.5898854749744986,2026-03-27 03:35:01.021000
XRPUSDT,1598286620.0,1.3657,9.6,,,False,14.242417423580976,0.6888487601401811,12.342475759358898,-0.2928414461753619,0.726,0.9999999964423992,360.77929539290494,1.5948542013296183,2026-03-27 03:35:01.747000
XRPUSDT,1598286621.0,1.3657,73.2,,,False,14.309164561211112,0.6893808293015956,12.371235763991423,-0.29435652504535964,0.726,0.9999999964267404,-2.847522427291282,1.5998229417742684,2026-03-27 03:35:01.747000
XRPUSDT,1598286622.0,1.3657,3.7,,,False,14.376015768301011,0.6899123981910112,12.399986626203969,-0.2959159885303333,0.726,0.9999999964112312,-2.933699687895596,1.6047916962873086,2026-03-27 03:35:01.747000
XRPUSDT,1598286623.0,1.3657,3.9,,,False,14.442970883884193,0.690443465876582,12.428728357025287,-0.29747718586656535,0.726,0.9999999963958656,-2.9397332555720563,1.6097604648491393,2026-03-27 03:35:01.747000
XRPUSDT,1598286624.0,1.3657,6.6,,,False,14.510029747753935,0.6909740314313078,12.457460966956186,-0.29904009399054077,0.726,0.9999999963806381,-2.9457398997250954,1.6147292474403419,2026-03-27 03:35:01.747000
XRPUSDT,1598286625.0,1.3657,3.9,,,False,14.57719220044562,0.6915040939330339,12.4861844659745,-0.3006046897946861,0.726,0.9999999963655423,-2.9517194652520646,1.6196980440416606,2026-03-27 03:35:01.747000
XRPUSDT,1598286626.0,1.3657,3.9,,,False,14.644458083231035,0.6920336524644537,12.5148988635425,-0.3021709501798507,0.726,0.9999999963505735,-2.9576718950506895,1.6246668546340044,2026-03-27 03:35:01.747000
XRPUSDT,1598286627.0,1.3657,3.9,,,False,14.711827238112686,0.6925627061131099,12.543604168614182,-0.3037388520558876,0.726,0.999999996335726,-2.9635971323880215,1.6296356791984417,2026-03-27 03:35:01.747000
XRPUSDT,1598286628.0,1.3657,3.9,,,False,14.779299507818168,0.6930912539713948,12.572300389642479,-0.30530837234201835,0.726,0.9999999963209943,-2.969495120505565,1.634604517716191,2026-03-27 03:35:01.747000
XRPUSDT,1598286629.0,1.3657,3.9,,,False,14.846874735794643,0.693619295136553,12.600987534586372,-0.3068794879674582,0.726,0.9999999963063742,-2.9753658030984886,1.6395733701686201,2026-03-27 03:35:01.747000
XRPUSDT,1598286630.0,1.3657,283.5,,,False,14.914552766203323,0.6941468287106806,12.62966561091789,-0.3084521758717962,0.726,0.9999999962918587,-2.9812091238719876,1.6445422365372402,2026-03-27 03:35:01.747000
XRPUSDT,1598286631.0,1.3657,800.0,,,False,14.982333443914035,0.6946738538007274,12.658334625629024,-0.31002641300555467,0.726,0.9999999962774452,-2.9870250268701084,1.6495111168036984,2026-03-27 03:35:01.747000
XRPUSDT,1598286632.0,1.3657,3408.0,,,False,15.050216614499856,0.6952003695184976,12.686994585238567,-0.31160217633060405,0.726,0.9999999962631275,-2.9928134562113624,1.6544800109497795,2026-03-27 03:35:01.747000
XRPUSDT,1598286633.0,1.3657,200.0,,,False,15.118202124231784,0.6957263749806496,12.715645495798826,-0.31317944282077487,0.726,0.9999999962489021,-2.9985743564676004,1.6594489189573947,2026-03-27 03:35:01.747000
XRPUSDT,1598286634.0,1.3657,308.5,,,False,15.186289820073462,0.6962518693086979,12.744287362902275,-0.3147581894621486,0.001,0.9999999962347634,-3.0043076720491877,1.664414800382008,2026-03-27 03:35:01.748000
XRPUSDT,1598286635.0,1.3657,585.4,,,False,15.254452601594263,0.6967768516290128,12.772914498592028,-0.3162132244052769,0.001,0.9999999962221443,-2.771588464646498,1.6693806893380378,2026-03-27 03:35:01.748000
XRPUSDT,1598286636.0,1.3657,714.4,,,False,15.322717126224852,0.6973013210728217,12.801532582469092,-0.31779334050673447,0.001,0.9999999962102977,-3.0127896298059857,1.674346585758612,2026-03-27 03:35:01.749000
XRPUSDT,1598286637.0,1.3657,3.8,,,False,15.391083242455242,0.6978252767762083,12.83014161879003,-0.3193748600278258,0.001,0.9999999961992012,-3.018422188878085,1.6793124895776523,2026-03-27 03:35:01.749000
XRPUSDT,1598286638.0,1.3657,3.7,,,False,15.459550799450767,0.6983487178801147,12.858741611378447,-0.3209577600260408,0.001,0.999999996188833,-3.024026937132288,1.6842784007298648,2026-03-27 03:35:01.749000
XRPUSDT,1598286639.0,1.3657,3.9,,,False,15.52811964704703,0.6988716435303394,12.887332563631194,-0.32254201757393597,0.001,0.9999999961791726,-3.029603820761813,1.6892443191507198,2026-03-27 03:35:01.749000
XRPUSDT,1598286640.0,1.3657,3.9,,,False,15.59678963574495,0.6993940528775394,12.915914478524495,-0.32412760975971255,0.001,0.9999999961701995,-3.0351527863635437,1.694210244776444,2026-03-27 03:35:01.749000
XRPUSDT,1598286641.0,1.3657,3.9,,,False,15.665560616705864,0.6999159450772293,12.944487358620002,-0.32571451368777676,0.001,0.999999996161894,-3.0406737809208946,1.6991761775440104,2026-03-27 03:35:01.749000
XRPUSDT,1598286642.0,1.3657,3.9,,,False,15.734432441746673,0.7004373192897817,12.973051206070751,-0.32730270647910437,0.001,0.9999999961542373,-3.0461667514252713,1.7041421173911249,2026-03-27 03:35:01.749000
XRPUSDT,1598286643.0,1.3657,3.9,,,False,15.803404963335044,0.7009581746804268,13.00160602262707,-0.32889216527184395,0.001,0.9999999961472105,-3.0516316453422956,1.7091080642562186,2026-03-27 03:35:01.749000
XRPUSDT,1598286644.0,1.3657,3.9,,,False,15.872478034584654,0.7014785104192519,13.03015180964238,-0.33048286722164555,0.001,0.9999999961407949,-3.0570684100869054,1.7140740180784353,2026-03-27 03:35:01.749000
XRPUSDT,1598286645.0,1.3657,3.9,,,False,15.941651509250493,0.701998325681202,13.05868856807895,-0.3320747895022356,0.001,0.9999999961349731,-3.0624769934955656,1.7190399787976218,2026-03-27 03:35:01.749000
XRPUSDT,1598286646.0,1.3658,3.9,,,False,16.05718903869021,0.7030363914985411,13.0968791791187,-0.556743547595499,0.008,0.999999996155012,-216.43016689361625,1.724005977598539,2026-03-27 03:35:01.757000
XRPUSDT,1598286647.0,1.3658,3.7,,,False,16.126629780756122,0.703554640428102,13.125402100056451,-0.33621406796027775,0.008,0.9999999961502601,425.52809481359225,1.7289719833056123,2026-03-27 03:35:01.757000
XRPUSDT,1598286648.0,1.3658,7.4,,,False,16.196170398618875,0.7040723656291314,13.15391593047426,-0.33780946556339625,0.008,0.9999999961460422,-3.0815529163854203,1.7339379957935097,2026-03-27 03:35:01.757000
XRPUSDT,1598286649.0,1.3658,4.1,,,False,16.265810747395214,0.7045895663008535,13.18242066966929,-0.3394059668814353,0.008,0.9999999961423431,-3.0868121511202915,1.7389040150052375,2026-03-27 03:35:01.757000
XRPUSDT,1598286650.0,1.3658,11.7,,,False,16.335550684390366,0.7051062416473459,13.210916316903251,-0.3410035568073625,0.008,0.9999999961391468,-3.0920575885276316,1.7438700408844485,2026-03-27 03:35:01.757000
XRPUSDT,1598286651.0,1.3658,3.9,,,False,16.405390067520706,0.7056223908775396,13.239402871079351,-0.342602212656173,0.008,0.9999999961364402,-3.0972744998777313,1.7488360733754336,2026-03-27 03:35:01.757000
XRPUSDT,1598286652.0,1.3658,3.9,,,False,16.475328755309384,0.7061380132052176,13.267880330747548,-0.3442019117643747,0.008,0.9999999961342072,-3.1024628343881693,1.7538021124231142,2026-03-27 03:35:01.757000
XRPUSDT,1598286653.0,1.3658,3.9,,,False,16.545366606882027,0.7066531078490138,13.296348694109732,-0.34580263149061063,0.008,0.999999996132435,-3.107622541828136,1.7587681579730305,2026-03-27 03:35:01.757000
XRPUSDT,1598286654.0,1.3658,4.3,,,False,16.61550348196246,0.7071676740324121,13.324807959024842,-0.34740434921594376,0.008,0.9999999961311092,-3.1127535718633665,1.763734209971336,2026-03-27 03:35:01.757000
XRPUSDT,1598286655.0,1.3658,3.9,,,False,16.685739240868507,0.7076817109837455,13.35325812301392,-0.3490070423444613,0.008,0.9999999961302172,-3.11785587467984,1.768700268364787,2026-03-27 03:35:01.757000
XRPUSDT,1598286656.0,1.3658,3.9,,,False,16.75607374450777,0.7081952179361939,13.381699183265113,-0.3506106883035594,0.008,0.9999999961297457,-3.1229294003754577,1.7736663331007338,2026-03-27 03:35:01.757000
XRPUSDT,1598286657.0,1.3658,3.7,,,False,16.82650685437353,0.708708194127784,13.41013113663859,-0.35221526454455887,0.008,0.9999999961296827,-3.1279740995888172,1.7786324041271135,2026-03-27 03:35:01.757000
XRPUSDT,1598286658.0,1.3658,3.9,,,False,16.89703843254061,0.7092206388013866,13.438553979671418,-0.3538207485429366,0.008,0.9999999961300159,-3.1329899227766185,1.783598481392443,2026-03-27 03:35:01.757000
XRPUSDT,1598286659.0,1.3658,3.9,,,False,16.967668341661348,0.7097325512047168,13.466967708582358,-0.35542711779894876,0.008,0.9999999961307325,-3.137976820960418,1.7885645648458062,2026-03-27 03:35:01.757000
XRPUSDT,1598286660.0,1.3658,3.7,,,False,17.038396444961528,0.7102439305903295,13.495372319276632,-0.35703434983796356,0.008,0.9999999961318216,-3.142934745187266,1.7935306544368512,2026-03-27 03:35:01.757000
XRPUSDT,1598286661.0,1.3659,3.7,,,False,17.15647576236651,0.711265087342827,13.53347636768871,-0.598111973649345,0.008,0.9999999961572265,-236.08287681765805,1.7984967502219558,2026-03-27 03:35:01.757000
XRPUSDT,1598286662.0,1.3659,3.7,,,False,17.22746506876446,0.7117748632390166,13.561865932485786,-0.361197386830895,0.008,0.9999999961589364,464.74262237445794,1.8034628521116665,2026-03-27 03:35:01.757000
XRPUSDT,1598286663.0,1.3659,122.8,,,False,17.2985520742736,0.7122841031760956,13.590246304874523,-0.3628067289020759,0.008,0.9999999961609859,-3.1602825191052473,1.8084289599909131,2026-03-27 03:35:01.757000
XRPUSDT,1598286664.0,1.3659,7.4,,,False,17.369736643117996,0.7127928064308019,13.618617479387229,-0.36441681830726397,0.116,0.9999999961633628,-3.1650857160676864,1.813395600701273,2026-03-27 03:35:01.873000
XRPUSDT,1598286665.0,1.3659,4.1,,,False,17.441023557672153,0.7133009722847037,13.646980455847762,-0.36605290838008997,0.116,0.9999999961658855,-3.219598602038709,1.818362248201742,2026-03-27 03:35:01.873000
XRPUSDT,1598286666.0,1.3659,3.9,,,False,17.512407791083035,0.7138086000241978,13.675334225693025,-0.36766470930228984,0.116,0.9999999961686331,-3.1751632087841046,1.823328902451731,2026-03-27 03:35:01.873000
XRPUSDT,1598286667.0,1.3659,3.9,,,False,17.58388921091297,0.7143156889405068,13.703678782925222,-0.36927720000680647,0.116,0.9999999961716003,-3.179897356569296,1.8282955634109717,2026-03-27 03:35:01.873000
XRPUSDT,1598286668.0,1.3659,3.9,,,False,17.655467685263112,0.7148222383296776,13.732014121268406,-0.3708903582562447,0.116,0.9999999961747781,-3.1846021018381436,1.8332622310396054,2026-03-27 03:35:01.873000
XRPUSDT,1598286669.0,1.3659,73.2,,,False,17.72714308277065,0.7153282474925784,13.760340234172885,-0.3725041618472372,0.116,0.9999999961781606,-3.1892774070357075,1.8382289052981755,2026-03-27 03:35:01.873000
XRPUSDT,1598286670.0,1.3659,73.2,,,False,17.798915272605214,0.7158337157348963,13.78865711481945,-0.3741185886060017,0.116,0.9999999961817407,-3.193923225248164,1.843195586147627,2026-03-27 03:35:01.873000
XRPUSDT,1598286671.0,1.3659,3.7,,,False,17.870784124465256,0.7163386423671348,13.816964756123504,-0.3757336163888906,0.116,0.9999999961855129,-3.1985395100447493,1.848162273549297,2026-03-27 03:35:01.873000
XRPUSDT,1598286672.0,1.3659,1921.9,,,False,17.942749508574533,0.7168430267046123,13.84526315073917,-0.37734922308272334,0.116,0.9999999961894702,-3.2031262150462028,1.8531289674649136,2026-03-27 03:35:01.873000
XRPUSDT,1598286673.0,1.3659,3.9,,,False,18.01481129567854,0.7173468680674574,13.873552291063337,-0.37896538660524287,0.116,0.999999996193607,-3.2076832941888234,1.8580956678565803,2026-03-27 03:35:01.873000
XRPUSDT,1598286674.0,1.3659,3.9,,,False,18.086969357041035,0.7178501657806075,13.901832169239679,-0.38058208490542556,0.116,0.9999999961979166,-3.212210701423718,1.8630623746867838,2026-03-27 03:35:01.873000
XRPUSDT,1598286675.0,1.3659,3.9,,,False,18.15922356444057,0.7183529191738057,13.930102777162586,-0.3821992959640451,0.116,0.9999999962023941,-3.216708391228641,1.8680290879183794,2026-03-27 03:35:01.873000
XRPUSDT,1598286676.0,1.3659,1692.9,,,False,18.23157379016708,0.718855127581598,13.958364106481078,-0.38381699779387973,0.116,0.9999999962070338,-3.221176317907886,1.8729958075145896,2026-03-27 03:35:01.873000
XRPUSDT,1598286677.0,1.3659,8.0,,,False,18.304019907018485,0.7193567903433302,13.98661614860267,-0.3854351684403322,0.116,0.9999999962118298,-3.2256144364092667,1.8779625334389944,2026-03-27 03:35:01.873000
XRPUSDT,1598286678.0,1.3659,3.9,,,False,18.3765617882973,0.7198579068031448,14.014858894697186,-0.38705378598158074,0.116,0.9999999962167764,-3.2300227014047067,1.8829292656555359,2026-03-27 03:35:01.873000
XRPUSDT,1598286679.0,1.3659,3.7,,,False,18.449199307807323,0.7203584763099777,14.043092335700521,-0.38867282852922547,0.116,0.9999999962218695,-3.2344010682715476,1.8878960041285044,2026-03-27 03:35:01.873000
XRPUSDT,1598286680.0,1.3659,3.9,,,False,18.52193233985034,0.7208584982175558,14.071316462318372,-0.3902922742284556,0.116,0.9999999962271032,-3.2387494921457938,1.8928627488225314,2026-03-27 03:35:01.873000
XRPUSDT,1598286681.0,1.366,3.7,,,False,18.64330170315497,0.7218568966737857,14.109281868886773,-0.6532533486994174,0.116,0.99999999625427,-263.38289370350935,1.8978295012956898,2026-03-27 03:35:01.873000
XRPUSDT,1598286682.0,1.366,1692.9,,,False,18.716288894436907,0.7223552719538132,14.13748934106135,-0.3944664130395636,0.116,0.9999999962596697,519.2611793377391,1.9027962608421352,2026-03-27 03:35:01.873000
XRPUSDT,1598286683.0,1.366,1325.1,,,False,18.78937116575735,0.7228530970973299,14.165687417526083,-0.3960863611981699,0.116,0.999999996265194,-3.254050502878971,1.907763026499564,2026-03-27 03:35:01.873000
XRPUSDT,1598286684.0,1.366,4.4,,,False,18.862548369249975,0.7233503714819639,14.193876083358726,-0.397706476672052,0.116,0.9999999962708398,-3.2579910084742387,1.9127297982339682,2026-03-27 03:35:01.873000
XRPUSDT,1598286685.0,1.366,5.5,,,False,18.935820381979052,0.7238470944901135,14.222055328333436,-0.39932686970145326,0.116,0.999999996276603,-3.2621662431895193,1.9176965760116544,2026-03-27 03:35:01.873000
XRPUSDT,1598286686.0,1.366,3.7,,,False,19.009187081485535,0.7243432655089422,14.250225142015443,-0.4009475186782084,0.116,0.9999999962824784,-3.2663112420006595,1.9226633597992544,2026-03-27 03:35:01.873000
XRPUSDT,1598286687.0,1.366,7.4,,,False,19.082648345784015,0.7248388839303768,14.278385513764485,-0.40256840203095146,0.116,0.9999999962884621,-3.2704259620769385,1.9276301495637065,2026-03-27 03:35:01.873000
XRPUSDT,1598286688.0,1.366,3.7,,,False,19.156204053359655,0.7253339491511012,14.306536432738175,-0.40418949822534983,0.116,0.9999999962945508,-3.274510360526477,1.9325969452722653,2026-03-27 03:35:01.873000
XRPUSDT,1598286689.0,1.366,2364.7,,,False,19.229854083165172,0.725828460572555,14.334677887895387,-0.40581078576454277,0.116,0.99999999630074,-3.2785643947846705,1.937563746892487,2026-03-27 03:35:01.873000
XRPUSDT,1598286690.0,1.366,1102.4,,,False,19.303598314617844,0.7263224176009274,14.362809867999522,-0.4074322431894622,0.001,0.9999999963070263,-3.28258802240784,1.9425299259170816,2026-03-27 03:35:01.874000
XRPUSDT,1598286691.0,1.366,8.0,,,False,19.377430532796097,0.7268158196471545,14.390931151572154,-0.40902005930858876,0.001,0.9999999963135644,-3.2180979614257215,1.947496109886713,2026-03-27 03:35:01.874000
XRPUSDT,1598286692.0,1.366,4.1,,,False,19.451356688175075,0.7273086661269144,14.419042934882993,-0.410641473926889,0.001,0.9999999963202688,-3.289897939598088,1.952462298763761,2026-03-27 03:35:01.874000
XRPUSDT,1598286693.0,1.366,500.0,,,False,19.52537666148415,0.7278009564606234,14.44714520613677,-0.4122629933331615,0.001,0.9999999963271332,-3.293827433205297,1.9574284925109826,2026-03-27 03:35:01.874000
XRPUSDT,1598286694.0,1.366,3.9,,,False,19.59949033390609,0.7282926900734316,14.47523795335576,-0.41388459623016893,0.001,0.9999999963341547,-3.2977263599020197,1.9623946910915202,2026-03-27 03:35:01.874000
XRPUSDT,1598286695.0,1.366,3.9,,,False,19.673697587074177,0.7287838663952184,14.503321164382951,-0.41550626136038815,0.001,0.9999999963413252,-3.301594678505147,1.9673608944688785,2026-03-27 03:35:01.874000
XRPUSDT,1598286696.0,1.366,3.9,,,False,19.747998303069345,0.7292744848605888,14.531394826885098,-0.41712796750625336,0.001,0.9999999963486405,-3.3054323478041887,1.972327102606934,2026-03-27 03:35:01.874000
XRPUSDT,1598286697.0,1.366,3.7,,,False,19.82239236441741,0.7297645449088678,14.559458928355788,-0.4187496934907712,0.001,0.9999999963560958,-3.309239327329373,1.9772933154699277,2026-03-27 03:35:01.874000
XRPUSDT,1598286698.0,1.366,3.9,,,False,19.896879654086227,0.7302540459840963,14.587513456118446,-0.42037141817747936,0.001,0.9999999963636864,-3.313015576015189,1.9822595330224528,2026-03-27 03:35:01.874000
XRPUSDT,1598286699.0,1.366,3.7,,,False,19.971460055482975,0.7307429875350276,14.61555839732933,-0.4219931204712633,0.001,0.9999999963714068,-3.3167610539435453,1.9872257552294623,2026-03-27 03:35:01.874000
XRPUSDT,1598286700.0,1.3661,400.0,,,False,20.09586691792807,0.7317191898825371,14.653361543225385,-0.7058050836210372,0.001,0.9999999963989058,-290.7306706174574,1.9921919820703895,2026-03-27 03:35:01.875000
XRPUSDT,1598286701.0,1.3661,170.7,,,False,20.170695168077327,0.7322064496001356,14.681388194099677,-0.42615208402523397,0.001,0.9999999964067682,573.9300613113046,1.9971582135043286,2026-03-27 03:35:01.875000
XRPUSDT,1598286702.0,1.3661,800.0,,,False,20.245616105968093,0.7326931476354667,14.709405165174536,-0.42777255946477943,0.001,0.9999999964147472,-3.3295294451787303,2.0021244494896218,2026-03-27 03:35:01.875000
XRPUSDT,1598286703.0,1.3661,29.3,,,False,20.32062961680738,0.733179283460769,14.737412443086862,-0.42939291122455325,0.001,0.9999999964228385,-3.3331255904995927,2.007090689992598,2026-03-27 03:35:01.875000
XRPUSDT,1598286704.0,1.3661,3.7,,,False,20.39573558644294,0.7336648565529631,14.765410014363177,-0.43101311969372247,0.063,0.9999999964310381,-3.3366932707250476,2.0120572940707073,2026-03-27 03:35:01.938000
XRPUSDT,1598286705.0,1.3661,8.0,,,False,20.470937456719604,0.7341498663936469,14.793398559277628,-0.432653633378559,0.063,0.9999999964392644,-3.3824338131442584,2.0170239030664625,2026-03-27 03:35:01.938000
XRPUSDT,1598286706.0,1.3661,7.4,,,False,20.54623157229786,0.7346343124690905,14.821377371187245,-0.43427367380304777,0.063,0.9999999964475519,-3.3441088835434223,2.0219905169502534,2026-03-27 03:35:01.938000
XRPUSDT,1598286707.0,1.3661,5.5,,,False,20.621617820313954,0.7351181942702308,14.849346436171196,-0.4358935091267355,0.063,0.9999999964558999,-3.347584719802175,2.0269571356926983,2026-03-27 03:35:01.938000
XRPUSDT,1598286708.0,1.3661,4.4,,,False,20.697096088317267,0.7356015112926664,14.877305740166555,-0.4375131186768234,0.063,0.9999999964643043,-3.35102939666046,2.031923759264698,2026-03-27 03:35:01.938000
XRPUSDT,1598286709.0,1.3661,4.1,,,False,20.772666264268086,0.7360842630366522,14.905255268971015,-0.43913248182708775,0.063,0.9999999964727632,-3.3544428796758616,2.036890387637408,2026-03-27 03:35:01.938000
XRPUSDT,1598286710.0,1.3661,3.9,,,False,20.848328236535146,0.7365664490070942,14.933195008245523,-0.440751577996421,0.063,0.999999996481273,-3.357825130932371,2.041857020782251,2026-03-27 03:35:01.938000
XRPUSDT,1598286711.0,1.3661,3.9,,,False,20.9240818938931,0.7370480687135437,14.961124943516875,-0.4423703866490022,0.063,0.9999999964898324,-3.3611761124045976,2.046823658670903,2026-03-27 03:35:01.938000
XRPUSDT,1598286712.0,1.3661,3.9,,,False,20.99992712552011,0.7375291216701918,14.989045060180302,-0.4439888872948021,0.063,0.9999999964984378,-3.3644957866536855,2.0517903012752985,2026-03-27 03:35:01.938000
XRPUSDT,1598286713.0,1.3661,683.2,,,False,21.075863820995373,0.7380096073958644,15.016955343502003,-0.4456070594897472,0.063,0.9999999965070878,-3.367784116125178,2.0567569485676263,2026-03-27 03:35:01.938000
XRPUSDT,1598286714.0,1.3661,73.2,,,False,21.151891870296733,0.7384895254140157,15.04485577862165,-0.44722488283613465,0.204,0.9999999965157796,-3.371041063679046,2.0617244478554513,2026-03-27 03:35:02.142000
XRPUSDT,1598286715.0,1.3661,3.9,,,False,21.228019660028853,0.7389688752527228,15.072747989288683,-0.44889246462085336,0.204,0.9999999965243412,-3.478840817421419,2.0666919528063885,2026-03-27 03:35:02.142000
XRPUSDT,1598286716.0,1.3661,73.2,,,False,21.304238615874073,0.7394476564446806,15.10063032377021,-0.4505099537563645,0.204,0.9999999965328582,-3.378347275708793,2.071659463400171,2026-03-27 03:35:02.142000
XRPUSDT,1598286717.0,1.3661,3.9,,,False,21.380548629061757,0.7399258685271947,15.128502766828486,-0.452127034077876,0.204,0.9999999965413295,-3.381512890703479,2.076626979616426,2026-03-27 03:35:02.142000
XRPUSDT,1598286718.0,1.3661,3.9,,,False,21.456949591207252,0.7404035110421764,15.156365303108378,-0.45374368535112225,0.204,0.9999999965497552,-3.3846469326711524,2.0815945014348975,2026-03-27 03:35:02.142000
XRPUSDT,1598286719.0,1.3661,4.4,,,False,21.5334413943121,0.7408805835361367,15.18421791714023,-0.45535988740440064,0.204,0.9999999965581341,-3.3877493960336165,2.086562028835468,2026-03-27 03:35:02.142000
XRPUSDT,1598286720.0,1.3661,3.7,,,False,21.610023930761724,0.74135708556018,15.21206059334222,-0.4569756201141754,0.204,0.9999999965664671,-3.3908202447175717,2.0915295617981475,2026-03-27 03:35:02.142000
XRPUSDT,1598286721.0,1.3661,3.9,,,False,21.686697093323176,0.7418330166699982,15.239893316022687,-0.4585908634053048,0.204,0.9999999965747526,-3.393859442695853,2.0964971003030644,2026-03-27 03:35:02.142000
XRPUSDT,1598286722.0,1.3661,3.9,,,False,21.763460775142853,0.7423083764258643,15.267716069382425,-0.46020559725134175,0.204,0.9999999965829909,-3.3968669541554144,2.101464644330477,2026-03-27 03:35:02.142000
XRPUSDT,1598286723.0,1.3661,3.9,,,False,21.84031486974427,0.7427831643926265,15.295528837516956,-0.46181980167480335,0.204,0.9999999965911817,-3.399842743424604,2.1064321938607655,2026-03-27 03:35:02.142000
XRPUSDT,1598286724.0,1.3661,2412.9,,,False,21.917259271025838,0.7432573801397018,15.323331604418787,-0.46343345674762126,0.204,0.9999999965993251,-3.4027867753655854,2.111399748874426,2026-03-27 03:35:02.142000
XRPUSDT,1598286725.0,1.3661,2587.1,,,False,21.994293873258666,0.7437310232410695,15.351124353979626,-0.46504654259119055,0.001,0.9999999966074203,-3.4056990145345036,2.116366040934966,2026-03-27 03:35:02.143000
XRPUSDT,1598286726.0,1.3661,3.7,,,False,22.071405679972695,0.7442040932752658,15.378904616196563,-0.4665809994746116,0.001,0.9999999966157029,-3.2436146289165073,2.1213323370095707,2026-03-27 03:35:02.143000
XRPUSDT,1598286727.0,1.3661,0.1,,,False,22.148607431994733,0.7446765898253758,15.406674825907793,-0.4681922569230206,0.027,0.9999999966240517,-3.410093572183809,2.126298800654422,2026-03-27 03:35:02.170000
XRPUSDT,1598286728.0,1.3661,3.9,,,False,22.225900691159463,0.7451485124790281,15.434435283190393,-0.4698130194526995,0.027,0.9999999966324353,-3.4343817088145356,2.1312652684394333,2026-03-27 03:35:02.170000
XRPUSDT,1598286729.0,1.3661,3.7,,,False,22.303283692380084,0.7456198608283883,15.46218565545252,-0.47142307894213764,0.027,0.9999999966408647,-3.415858974840676,2.136231740338214,2026-03-27 03:35:02.170000
XRPUSDT,1598286730.0,1.3661,3.9,,,False,22.380756331682228,0.7460906344701514,15.4899259261329,-0.4730324695683884,0.027,0.9999999966493389,-3.4186081876273846,2.141198216324612,2026-03-27 03:35:02.170000
XRPUSDT,1598286731.0,1.3661,3.9,,,False,22.458318505452144,0.7465608330055368,15.517656078582466,-0.4746411717696539,0.027,0.9999999966578551,-3.4213254193724816,2.1461646963727072,2026-03-27 03:35:02.170000
XRPUSDT,1598286732.0,1.3661,3.9,,,False,22.535970110434697,0.7470304560402794,15.54537609606645,-0.47624916603635803,0.027,0.9999999966664113,-3.4240106377774886,2.1511311804568103,2026-03-27 03:35:02.170000
XRPUSDT,1598286733.0,1.3661,3.9,,,False,22.613711043731282,0.7474995031846251,15.573085961766383,-0.47785643291068114,0.027,0.9999999966750059,-3.4266638091681987,2.156097668551455,2026-03-27 03:35:02.170000
XRPUSDT,1598286734.0,1.3661,3.9,,,False,22.691541202797794,0.7479679740533224,15.600785658782138,-0.47946295298704134,0.027,0.9999999966836364,-3.4292849005266777,2.1610641606314105,2026-03-27 03:35:02.170000
XRPUSDT,1598286735.0,1.3661,3.7,,,False,22.76946048544257,0.748435868265616,15.628475170133893,-0.4810687069122067,0.027,0.9999999966923014,-3.431873878699747,2.1660306566716563,2026-03-27 03:35:02.170000
XRPUSDT,1598286736.0,1.3661,3.9,,,False,22.847468789824394,0.7489031854452404,15.656154478764115,-0.48267367538569245,0.027,0.999999996700998,-3.43443071101285,2.1709971566474002,2026-03-27 03:35:02.170000
XRPUSDT,1598286737.0,1.3661,3.7,,,False,22.92556601445049,0.7493699252204115,15.683823567539498,-0.48427783915998746,0.027,0.9999999967097253,-3.436955364918252,2.175963660534066,2026-03-27 03:35:02.170000
XRPUSDT,1598286738.0,1.3661,3.7,,,False,23.003752058174534,0.7498360872238212,15.711482419252889,-0.4858811790408246,0.027,0.999999996718481,-3.439447808078425,2.180930168307289,2026-03-27 03:35:02.170000
XRPUSDT,1598286739.0,1.3661,3400.7,,,True,23.082026820194702,0.7503016710926296,15.73913101662518,-0.48748367588724834,0.004,0.9999999967272636,-3.441908007949817,2.185896529270817,2026-03-27 03:35:02.174000
XRPUSDT,1598286740.0,1.3661,2563.2,,,True,23.160388643029773,0.7507666764684573,15.766769050988529,-0.4890755887783721,0.004,0.9999999967360955,-3.4234290050735785,2.190862893919028,2026-03-27 03:35:02.174000
XRPUSDT,1598286741.0,1.3661,259.0,,,True,23.238838978399198,0.7512311029973788,15.794396796001644,-0.4906762683891186,0.004,0.999999996744963,-3.44657230168033,2.1958292622272584,2026-03-27 03:35:02.174000
XRPUSDT,1598286742.0,1.3662,3.7,,,False,23.36965084374794,0.7521582181210277,15.831764060523074,-0.8198053599329226,1.049,0.9999999967692813,-355.003475996002,2.200802562997284,2026-03-27 03:35:03.223000
XRPUSDT,1598286743.0,1.3662,136.0,,,False,23.44840872544646,0.7526209060301079,15.859383331803759,-0.4951833642242331,1.049,0.9999999967770191,701.6003429914765,2.2057758811594605,2026-03-27 03:35:03.223000
XRPUSDT,1598286744.0,1.3662,7.4,,,False,23.52725522710399,0.7530830137209726,15.88699226830628,-0.4967844789732684,1.049,0.9999999967842239,-3.4648087030084294,2.2107492098002868,2026-03-27 03:35:03.223000
XRPUSDT,1598286745.0,1.3662,4.1,,,False,23.606190014489794,0.7535445408618558,15.91459080839495,-0.49838314556060526,1.049,0.9999999967908978,-3.4638625678168142,2.215722548936704,2026-03-27 03:35:03.223000
XRPUSDT,1598286746.0,1.3662,3.9,,,False,23.685212989771014,0.7540054871254005,15.942178934377832,-0.49998082693988416,1.049,0.9999999967970413,-3.466090313853144,2.2206958985851197,2026-03-27 03:35:03.223000
XRPUSDT,1598286747.0,1.3662,3.9,,,False,23.764324055437676,0.754465852188652,15.969756628504404,-0.5015775043712507,1.049,0.9999999968026556,-3.468285408300315,2.2256692587614357,2026-03-27 03:35:03.223000
XRPUSDT,1598286748.0,1.3662,3.9,,,False,23.84352311430121,0.7549256357330496,15.997323872967359,-0.503173159172491,1.049,0.9999999968077418,-3.470447824162413,2.2306426294810455,2026-03-27 03:35:03.223000
XRPUSDT,1598286749.0,1.3662,3.9,,,False,23.92281006949266,0.7553848374444194,16.02488064990431,-0.5047677727171804,1.049,0.9999999968122999,-3.472577530106951,2.2356160107588594,2026-03-27 03:35:03.223000
XRPUSDT,1598286750.0,1.3662,2038.6,,,False,24.0021848244609,0.7558434570129664,16.052426941399506,-0.5063613264350155,1.049,0.9999999968163311,-3.4746744952114965,2.2405894026092863,2026-03-27 03:35:03.223000
XRPUSDT,1598286751.0,1.3662,3.9,,,False,24.081647282970867,0.7563014941332667,16.07996272948548,-0.507953801811846,1.049,0.9999999968198354,-3.476738688310379,2.245562805046246,2026-03-27 03:35:03.223000
XRPUSDT,1598286752.0,1.3662,3.9,,,False,24.161197349101794,0.7567589485042596,16.10748799614473,-0.5095451803901441,1.049,0.9999999968228146,-3.478770078956906,2.2505362180831816,2026-03-27 03:35:03.223000
XRPUSDT,1598286753.0,1.3662,1397.2,,,False,24.24083492724549,0.7572158198292401,16.135002723311356,-0.5111354437691381,1.049,0.9999999968252691,-3.480768636687521,2.255509641733052,2026-03-27 03:35:03.223000
XRPUSDT,1598286754.0,1.3662,3602.8,,,False,24.320559922104607,0.7576721078158508,16.16250689287268,-0.512724573604975,0.001,0.9999999968271998,-3.4827343310986936,2.26047585102241,2026-03-27 03:35:03.224000
XRPUSDT,1598286755.0,1.3662,3.8,,,False,24.400296107594457,0.7581278121760733,16.189986528021464,-0.5138218054723988,0.001,0.9999999968299038,-2.4077712727788634,2.265442064435831,2026-03-27 03:35:03.224000
XRPUSDT,1598286756.0,1.3662,3.8,,,False,24.480119282037048,0.7585829326262216,16.21745556144214,-0.5154051284499239,0.001,0.9999999968327371,-3.4789097633589234,2.2704082819463176,2026-03-27 03:35:03.224000
XRPUSDT,1598286757.0,1.3662,3.7,,,False,24.560029350695014,0.7590374688869329,16.244913975018758,-0.5169872597926408,1.005,0.9999999968356965,-3.4807593573301943,2.2753814893420516,2026-03-27 03:35:04.229000
XRPUSDT,1598286758.0,1.3662,3.9,,,False,24.640100078168665,0.7594914206831599,16.27237524053723,-0.5190471055429966,1.005,0.9999999968375602,-4.537586958518906,2.2803547069235885,2026-03-27 03:35:04.229000
XRPUSDT,1598286759.0,1.3662,3.9,,,False,24.72025773955888,0.7599447877441621,16.29982585668418,-0.5206301559320534,1.005,0.9999999968389297,-3.4917631324106835,2.285327934709439,2026-03-27 03:35:04.229000
XRPUSDT,1598286760.0,1.3662,3.8,,,False,24.800502241478217,0.7603975698034987,16.327265805122337,-0.5222119643720515,1.005,0.9999999968398072,-3.493531617210297,2.2903011727090807,2026-03-27 03:35:04.229000
XRPUSDT,1598286761.0,1.3662,3.9,,,False,24.880833490747776,0.7608497665990197,16.35469506746194,-0.5237925123405276,1.005,0.9999999968401931,-3.4952657429936838,2.2952744209315568,2026-03-27 03:35:04.229000
XRPUSDT,1598286762.0,1.3662,3.9,,,False,24.961251394486315,0.7613013778728575,16.382113625278862,-0.5253717819610564,1.005,0.9999999968400898,-3.496966776556107,2.3002476793854814,2026-03-27 03:35:04.229000
XRPUSDT,1598286763.0,1.3662,3.9,,,False,25.04175586010866,0.7617524033714185,16.409521460116064,-0.526949755416147,1.005,0.9999999968394964,-3.498634689446724,2.3052209480790395,2026-03-27 03:35:04.229000
XRPUSDT,1598286764.0,1.3662,3.9,,,False,25.122346795324052,0.7622028428453754,16.436918553485036,-0.5285264149474053,1.005,0.9999999968384149,-3.5002694533138725,2.3101942270199967,2026-03-27 03:35:04.229000
XRPUSDT,1598286765.0,1.3662,101.5,,,False,25.20302410813462,0.7626526960496586,16.464304886867264,-0.5301017428557948,1.005,0.9999999968368467,-3.501871040131582,2.3151675162156953,2026-03-27 03:35:04.229000
XRPUSDT,1598286766.0,1.3662,636.0,,,False,25.283787706833774,0.7631019627434465,16.491680441715634,-0.5316757215017577,0.001,0.999999996834792,-3.5034394218986686,2.320133638204818,2026-03-27 03:35:04.230000
XRPUSDT,1598286767.0,1.3662,1325.1,,,False,25.364560855139228,0.7635506426901594,16.519031363630482,-0.5327426960348047,0.002,0.99999999683359,-2.3780303551875837,2.3250997717559923,2026-03-27 03:35:04.232000
XRPUSDT,1598286768.0,1.3662,2937.4,,,False,25.445419954529353,0.7639987356574479,16.546371478651988,-0.5343110225809323,0.002,0.9999999968325726,-3.5000025901270444,2.330065909677017,2026-03-27 03:35:04.232000
XRPUSDT,1598286769.0,1.3662,3.8,,,False,25.52636483743362,0.764446241417187,16.573700754470106,-0.5358774419332716,0.002,0.9999999968317377,-3.500333388452066,2.3350320519401535,2026-03-27 03:35:04.232000
XRPUSDT,1598286770.0,1.3662,3.8,,,False,25.607395412992652,0.7648931597454667,16.60101917256603,-0.5374424399982767,0.002,0.99999999683108,-3.5017540476112616,2.3399981985178977,2026-03-27 03:35:04.232000
XRPUSDT,1598286771.0,1.3662,3.9,,,False,25.68851159063528,0.7653394904225819,16.628326714399954,-0.5390059995274559,0.002,0.9999999968305955,-3.5031415256622807,2.344964349382977,2026-03-27 03:35:04.232000
XRPUSDT,1598286772.0,1.3662,3.9,,,False,25.769713280077063,0.7657852332330259,16.655623361412417,-0.5405681033331691,0.002,0.9999999968302808,-3.5044957969304127,2.3499305045083467,2026-03-27 03:35:04.232000
XRPUSDT,1598286773.0,1.3662,3.9,,,False,25.851000391318756,0.7662303879654802,16.682909095025593,-0.5421287342888508,0.002,0.9999999968301325,-3.505816836041912,2.3548966638671947,2026-03-27 03:35:04.232000
XRPUSDT,1598286774.0,1.3662,3.9,,,False,25.932372834644852,0.766674954412806,16.710183896644594,-0.5436878753290731,0.002,0.9999999968301463,-3.5071046175458966,2.3598628274329267,2026-03-27 03:35:04.232000
XRPUSDT,1598286775.0,1.3662,3.9,,,False,26.013830520622026,0.7671189323720354,16.73744774765875,-0.5452455094497424,0.002,0.9999999968303184,-3.5083591162330787,2.3648289951791766,2026-03-27 03:35:04.232000
XRPUSDT,1598286776.0,1.3662,3.9,,,False,26.095373360097717,0.7675623216443627,16.764700629442853,-0.5468016197083706,0.002,0.9999999968306456,-3.509580307301121,2.3697951670797988,2026-03-27 03:35:04.232000
XRPUSDT,1598286777.0,1.3662,3.7,,,False,26.177001264198623,0.7680051220351352,16.791942523358447,-0.5483561892241079,0.002,0.9999999968311246,-3.510768165821298,2.3747613431088612,2026-03-27 03:35:04.232000
XRPUSDT,1598286778.0,1.3662,3.9,,,False,26.258714144329286,0.7684473333538446,16.81917341075503,-0.5499092011780424,0.002,0.9999999968317513,-3.5119226673500017,2.379727523240651,2026-03-27 03:35:04.232000
XRPUSDT,1598286779.0,1.3662,3.9,,,False,26.340511912170598,0.7688889554141172,16.846393272971277,-0.5514606388131861,0.002,0.9999999968325235,-3.513043787228847,2.3846937074496712,2026-03-27 03:35:04.232000
XRPUSDT,1598286780.0,1.3662,3.7,,,False,26.422394479678406,0.7693299880337062,16.873602091336284,-0.5530104854348378,0.002,0.9999999968334365,-3.514131501420036,2.3896598957106283,2026-03-27 03:35:04.232000
XRPUSDT,1598286781.0,1.3662,3.7,,,False,26.50436175908206,0.7697704310344814,16.90079984717073,-0.5545587244106323,0.002,0.999999996834488,-3.515185785832929,2.394626087998442,2026-03-27 03:35:04.232000
XRPUSDT,1598286782.0,1.3663,7.4,,,False,26.640995745408024,0.7706495474876005,16.93763915127583,-0.9257269481894269,0.002,0.999999996848961,-422.20598017690077,2.399592284319033,2026-03-27 03:35:04.234000
XRPUSDT,1598286783.0,1.3663,4.1,,,False,26.72318866069194,0.7710882206041871,16.964811732480896,-0.5584263276336097,0.002,0.9999999968502347,837.2991338375809,2.404558484627546,2026-03-27 03:35:04.234000
XRPUSDT,1598286784.0,1.3663,4.1,,,False,26.805465968330914,0.7715263034304274,16.991973154477936,-0.5599674387722584,0.002,0.9999999968516371,-3.517853351785084,2.4095246888887774,2026-03-27 03:35:04.234000
XRPUSDT,1598286785.0,1.3663,10.0,,,False,26.8878275813594,0.7719637958086386,17.019123398637298,-0.5615068614605628,0.002,0.9999999968531652,-3.5187417312243636,2.414490897078465,2026-03-27 03:35:04.234000
XRPUSDT,1598286786.0,1.3663,374.4,,,False,26.970273413532645,0.7724006975852005,17.046262446406992,-0.5630445825256035,0.002,0.9999999968548167,-3.5196035986431027,2.4194571091725443,2026-03-27 03:35:04.234000
XRPUSDT,1598286787.0,1.3663,67.4,,,False,27.052803378870163,0.7728370086105449,17.073390279233394,-0.564580585770316,0.002,0.9999999968565876,-3.5204318834248864,2.424423325147141,2026-03-27 03:35:04.234000
XRPUSDT,1598286788.0,1.3663,132.6,,,False,27.135417391654368,0.773272728739147,17.100506878562328,-0.5661148550610395,0.002,0.9999999968584754,-3.521226562670045,2.429389544978583,2026-03-27 03:35:04.234000
XRPUSDT,1598286789.0,1.3663,287.3,,,False,27.218115366429256,0.7737078578295155,17.127612225840156,-0.5676473743279197,0.002,0.9999999968604778,-3.521987614255796,2.434355768643384,2026-03-27 03:35:04.234000
XRPUSDT,1598286790.0,1.3663,512.7,,,False,27.300897217999083,0.7741423957441832,17.15470630251488,-0.5691781275648267,0.002,0.9999999968625924,-3.522715015736743,2.4393219961182537,2026-03-27 03:35:04.234000
XRPUSDT,1598286791.0,1.3663,4.1,,,False,27.383762861427027,0.774576342349698,17.181789090037203,-0.5707070988294662,0.002,0.9999999968648157,-3.523408744782876,2.4442882273800874,2026-03-27 03:35:04.236000
XRPUSDT,1598286792.0,1.3663,5.5,,,False,27.466712212033876,0.7750096975166129,17.20886056986159,-0.5722342722437734,0.002,0.9999999968671454,-3.5240687798401362,2.4492544624059662,2026-03-27 03:35:04.238000
XRPUSDT,1598286793.0,1.3663,3.7,,,False,27.549745185396763,0.7754424611194765,17.235920723447272,-0.5737596319937661,0.002,0.9999999968695799,-3.5246950988932144,2.454220701173163,2026-03-27 03:35:04.238000
XRPUSDT,1598286794.0,1.3663,278.1,,,False,27.632861697347828,0.7758746330368236,17.262969532259365,-0.5752831623298826,0.002,0.9999999968721154,-3.52528768058015,2.4591869436591205,2026-03-27 03:35:04.238000
XRPUSDT,1598286795.0,1.3663,5.5,,,False,27.716061663972972,0.7763062131511657,17.2900069777698,-0.5768048475669173,0.004,0.9999999968747504,-3.525846503271809,2.464153205387802,2026-03-27 03:35:04.242000
XRPUSDT,1598286796.0,1.3663,3.9,,,False,27.799345173166902,0.7767372013489808,17.31703307120547,-0.578325863481872,0.004,0.9999999968774796,-3.5291358850781283,2.469119470800332,2026-03-27 03:35:04.242000
XRPUSDT,1598286797.0,1.3663,3.9,,,False,27.882711970418455,0.7771675975207042,17.34404776430506,-0.579843818749515,0.004,0.9999999968803027,-3.526879111319475,2.474085739874751,2026-03-27 03:35:04.242000
XRPUSDT,1598286798.0,1.3663,3.9,,,False,27.96616197256759,0.7775974015607189,17.371051038566836,-0.5813598822491395,0.004,0.999999996883217,-3.5273365498674636,2.479052012589278,2026-03-27 03:35:04.242000
XRPUSDT,1598286799.0,1.3663,36.6,,,False,28.049695096702962,0.7780266133673455,17.39804287549987,-0.5828740385543406,0.004,0.9999999968862199,-3.52776014504758,2.484018288922304,2026-03-27 03:35:04.242000
XRPUSDT,1598286800.0,1.3663,73.1,,,False,28.133311260160674,0.7784552328428322,17.425023256625032,-0.5843862723039372,0.004,0.9999999968893101,-3.528149876715713,2.4889845688523926,2026-03-27 03:35:04.242000
XRPUSDT,1598286801.0,1.3663,42.5,,,False,28.21701038052308,0.778883259893346,17.451992163475957,-0.5858965682018737,0.004,0.9999999968924842,-3.5285057244019926,2.4939508523582674,2026-03-27 03:35:04.242000
XRPUSDT,1598286802.0,1.3663,30.6,,,False,28.300792375617533,0.7793106944289614,17.478949577599945,-0.5874049110173458,0.004,0.9999999968957419,-3.5288276678445616,2.498917139418835,2026-03-27 03:35:04.242000
XRPUSDT,1598286803.0,1.3663,3.9,,,False,28.384657163515186,0.7797375363636514,17.505895480558934,-0.5889112855849157,0.004,0.9999999968990795,-3.529115686967054,2.503883430013156,2026-03-27 03:35:04.242000
XRPUSDT,1598286804.0,1.3663,3.8,,,False,28.468604662529792,0.7801637856152792,17.532829853930405,-0.5904156768047615,0.004,0.999999996902496,-3.5293697621770024,2.5088497241204606,2026-03-27 03:35:04.242000
XRPUSDT,1598286805.0,1.3663,3.9,,,False,28.5526347912165,0.7805894421055847,17.55975267930829,-0.5919180696425672,0.004,0.999999996905989,-3.529589873579953,2.5138160217201437,2026-03-27 03:35:04.242000
XRPUSDT,1598286806.0,1.3663,3.9,,,False,28.63674746837068,0.7810145057601771,17.586663938303882,-0.5934184491298355,0.004,0.9999999969095572,-3.5297760019193536,2.518782322791753,2026-03-27 03:35:04.242000
XRPUSDT,1598286807.0,1.3663,3.8,,,False,28.720942613026725,0.7814389765085237,17.613563612546734,-0.5949168003637116,0.004,0.9999999969131975,-3.5299281274679517,2.5237486273150034,2026-03-27 03:35:04.242000
XRPUSDT,1598286808.0,1.3663,3.7,,,False,28.805220144456886,0.7818628542839416,17.640451683685498,-0.5964131085074833,0.004,0.9999999969169094,-3.5300462315963914,2.5287149352697593,2026-03-27 03:35:04.242000
XRPUSDT,1598286809.0,1.3663,3.9,,,False,28.88957998217014,0.7822861390235855,17.667328133388853,-0.5979073587902745,0.004,0.9999999969206905,-3.5301302949133855,2.533681246636055,2026-03-27 03:35:04.242000
XRPUSDT,1598286810.0,1.3663,3.9,,,False,28.97402204591097,0.7827088306684391,17.69419294334633,-0.5993995365074327,0.004,0.9999999969245391,-3.530180298867555,2.5386475613940704,2026-03-27 03:35:04.242000
XRPUSDT,1598286811.0,1.3663,3.7,,,False,29.058546255658296,0.7831309291633042,17.721046095269166,-0.6008896270204205,0.004,0.9999999969284529,-3.5301962246135794,2.5436138795241354,2026-03-27 03:35:04.242000
XRPUSDT,1598286812.0,1.3664,3.7,,,False,29.19940417554681,0.7839733465013088,17.75741987283398,-1.0024157231790838,0.004,0.999999996944196,-476.63560333377984,2.5485802010695355,2026-03-27 03:35:04.242000
XRPUSDT,1598286813.0,1.3664,5.5,,,False,29.284147238357956,0.7843936652530529,17.78424549143998,-0.6045653985778968,0.004,0.9999999969481873,946.5443141671215,2.5535465259649386,2026-03-27 03:35:04.242000
XRPUSDT,1598286814.0,1.3664,7.4,,,False,29.368972156128788,0.7848133906719976,17.811059361345038,-0.606046603294831,0.004,0.9999999969522395,-3.528985022298863,2.558512854174035,2026-03-27 03:35:04.242000
XRPUSDT,1598286815.0,1.3664,3.7,,,False,29.453878849016224,0.7852325227218856,17.837861464349835,-0.6075256464924601,0.004,0.9999999969563504,-3.5288239065098406,2.5634791856777572,2026-03-27 03:35:04.242000
XRPUSDT,1598286816.0,1.3664,4.1,,,False,29.538867238308548,0.785651061370214,17.864651782433672,-0.6090025203597595,0.004,0.9999999969605192,-3.528643945303195,2.5684455204571828,2026-03-27 03:35:04.242000
XRPUSDT,1598286817.0,1.3664,3.7,,,False,29.62393724552101,0.7860690065882292,17.89143029760228,-0.6104772107174842,0.004,0.999999996964744,-3.528429789741066,2.5734118584935426,2026-03-27 03:35:04.242000
XRPUSDT,1598286818.0,1.3664,19.5,,,False,29.709088792394688,0.786486358350914,17.91819699188861,-0.6119497034531707,0.004,0.9999999969690236,-3.5281814223430783,2.5783781997681943,2026-03-27 03:35:04.242000
XRPUSDT,1598286819.0,1.3664,3.9,,,False,29.794321800895396,0.7869031166369769,17.944951847353607,-0.6134199845211996,0.128,0.999999996973356,-3.5278988257644004,2.5833455705423214,2026-03-27 03:35:04.370000
XRPUSDT,1598286820.0,1.3664,3.9,,,False,29.879647816415233,0.7873192814288424,17.971696792129084,-0.6149718087924988,0.128,0.9999999969776172,-3.728869672858961,2.5883129449993043,2026-03-27 03:35:04.370000
XRPUSDT,1598286821.0,1.3664,3.9,,,False,29.965055166129286,0.787734852712641,17.998429861411708,-0.6164380652897627,0.128,0.9999999969818681,-3.5282911847555565,2.5932803231239143,2026-03-27 03:35:04.370000
XRPUSDT,1598286822.0,1.3664,4.5,,,False,30.050543772688748,0.788149830478198,18.02515103733372,-0.6179020679945271,0.128,0.9999999969861082,-3.527906375415836,2.5982477049008703,2026-03-27 03:35:04.370000
XRPUSDT,1598286823.0,1.3664,3.7,,,False,30.136113558963583,0.7885642147190232,18.051860302058085,-0.6193638031093237,0.128,0.999999996990338,-3.5274872226941203,2.6032150903149813,2026-03-27 03:35:04.370000
XRPUSDT,1598286824.0,1.3664,2028.6,,,False,30.221764448042688,0.788978005432301,18.07855763777947,-0.6208232569127404,0.128,0.9999999969945554,-3.527033731268717,2.6081824793511195,2026-03-27 03:35:04.370000
XRPUSDT,1598286825.0,1.3664,3.9,,,False,30.307496363232847,0.7893912026188795,18.105243026724942,-0.6222804157504983,0.128,0.9999999969987622,-3.526545884360758,2.6131498719942203,2026-03-27 03:35:04.370000
XRPUSDT,1598286826.0,1.3664,3.9,,,False,30.3933092280577,0.7898038062832602,18.131916451154684,-0.6237352660359046,0.128,0.9999999970029569,-3.5260236662949263,2.6181172682292924,2026-03-27 03:35:04.370000
XRPUSDT,1598286827.0,1.3664,3.9,,,False,30.479202966256704,0.7902158164335868,18.158577893362718,-0.6251877942494912,0.128,0.9999999970071395,-3.525467060544586,2.623084668041416,2026-03-27 03:35:04.370000
XRPUSDT,1598286828.0,1.3664,3.8,,,False,30.56517750178415,0.7906272330816356,18.185227335677553,-0.6266379869395092,0.128,0.9999999970113097,-3.5248760517976505,2.6280520714157314,2026-03-27 03:35:04.370000
XRPUSDT,1598286829.0,1.3664,3.8,,,False,30.65123275880812,0.7910380562428047,18.211864760462916,-0.628085830721776,0.128,0.9999999970154677,-3.5242506243972866,2.633019478337446,2026-03-27 03:35:04.370000
XRPUSDT,1598286830.0,1.3664,3.9,,,False,30.737368661709507,0.7914482859361025,18.238490150118423,-0.6295313122796574,0.128,0.9999999970196127,-3.5235907626800795,2.63798688879184,2026-03-27 03:35:04.370000
XRPUSDT,1598286831.0,1.3664,3.7,,,False,30.823585135081,0.7918579221841385,18.26510348708022,-0.6309744183642103,0.128,0.9999999970237451,-3.5228964513559653,2.6429543027642506,2026-03-27 03:35:04.370000
XRPUSDT,1598286832.0,1.3664,3.9,,,False,30.90988210372612,0.7922669650131119,18.29170475382168,-0.632415135794306,0.128,0.9999999970278637,-3.5221676754770592,2.647921720240077,2026-03-27 03:35:04.370000
XRPUSDT,1598286833.0,1.3665,5124.7,,,False,31.05365093838323,0.7930832705365515,18.327717685190827,-1.0544279892549648,0.128,0.9999999970426573,-516.9790493177906,2.6528891432349377,2026-03-27 03:35:04.370000
XRPUSDT,1598286834.0,1.3665,5374.9,,,False,31.140162408437927,0.7934905333012688,18.3542898582618,-0.6359329776001608,0.001,0.9999999970467035,1027.5798523963633,2.6578554793448976,2026-03-27 03:35:04.371000
XRPUSDT,1598286835.0,1.3665,7.4,,,False,31.22674157122669,0.7938972027874038,18.38084782617009,-0.6372715023693722,0.001,0.9999999970508571,-3.2914315306341027,2.6628218184947077,2026-03-27 03:35:04.371000
XRPUSDT,1598286836.0,1.3665,5.5,,,False,31.313400852193176,0.7943032790389446,18.407393622675148,-0.638699329980837,0.001,0.9999999970550562,-3.5161564017772213,2.6677881606674148,2026-03-27 03:35:04.371000
XRPUSDT,1598286837.0,1.3665,3.7,,,False,31.400140177309193,0.7947087621034041,18.433927230607157,-0.6401246960415512,0.001,0.9999999970593001,-3.515229575898713,2.672754505846216,2026-03-27 03:35:04.371000
XRPUSDT,1598286838.0,1.3665,4.1,,,False,31.486959472751458,0.7951136520318105,18.460448632837156,-0.6415475878502606,0.001,0.9999999970635869,-3.514268221760413,2.677720854014416,2026-03-27 03:35:04.371000
XRPUSDT,1598286839.0,1.3665,500.0,,,False,31.573858664900627,0.7955179488786959,18.48695781227764,-0.6429679927734206,0.001,0.9999999970679161,-3.5132723247847424,2.6826872051554567,2026-03-27 03:35:04.371000
XRPUSDT,1598286840.0,1.3665,3.7,,,False,31.660837680340364,0.7959216527020856,18.51345475188314,-0.6443858982458658,0.001,0.9999999970722859,-3.512241872122016,2.687653559252887,2026-03-27 03:35:04.371000
XRPUSDT,1598286841.0,1.3665,3.7,,,False,31.747896445856455,0.796324763563487,18.53993943465083,-0.6458012917702822,0.001,0.9999999970766957,-3.511176849702728,2.6926199162903925,2026-03-27 03:35:04.371000
XRPUSDT,1598286842.0,1.3665,3.9,,,False,31.835034888435793,0.7967272815278797,18.56641184362112,-0.6472141609175476,0.001,0.9999999970811447,-3.5100772443707884,2.6975862762517675,2026-03-27 03:35:04.371000
XRPUSDT,1598286843.0,1.3665,3.9,,,False,31.92225293526554,0.7971292066637033,18.59287196187818,-0.6486244933266903,0.001,0.9999999970856309,-3.5089430429692174,2.7025526391209294,2026-03-27 03:35:04.371000
XRPUSDT,1598286844.0,1.3665,3.9,,,False,32.009550513732165,0.7975305390428475,18.61931977255058,-0.6500322767048229,0.001,0.9999999970901537,-3.5077742322575904,2.707519004881912,2026-03-27 03:35:04.371000
XRPUSDT,1598286845.0,1.3665,3.8,,,False,32.09692755142056,0.797931278740641,18.645755258811786,-0.6514374988273819,0.001,0.9999999970947122,-3.5065707996900235,2.7124853735188617,2026-03-27 03:35:04.371000
XRPUSDT,1598286846.0,1.3665,1285.5,,,False,32.184383976113125,0.7983314258358402,18.672178403880753,-0.6528401475379089,0.001,0.9999999970993054,-3.505332732276158,2.717451745016053,2026-03-27 03:35:04.371000
XRPUSDT,1598286847.0,1.3665,11.5,,,False,32.27191971578888,0.7987309804106186,18.69858919102245,-0.6542402107482217,0.001,0.9999999971039324,-3.5040600175559993,2.722418119357858,2026-03-27 03:35:04.372000
XRPUSDT,1598286848.0,1.3665,3.7,,,False,32.359534698622575,0.7991299425505562,18.7249876035484,-0.65563767643833,0.001,0.9999999971085913,-3.502752642962183,2.7273844965287792,2026-03-27 03:35:04.372000
XRPUSDT,1598286849.0,1.3665,3.9,,,False,32.447228852983784,0.799528312344628,18.75137362481722,-0.6570325326565848,0.001,0.9999999971132826,-3.501410596416034,2.732350876513416,2026-03-27 03:35:04.372000
XRPUSDT,1598286850.0,1.3665,3.7,,,False,32.53500210743605,0.7999260898851933,18.777747238235154,-0.6584247675196219,0.001,0.999999997118004,-3.500033865809279,2.7373172592964883,2026-03-27 03:35:04.372000
XRPUSDT,1598286851.0,1.3665,151.3,,,True,32.62285439073601,0.8003232752679834,18.804108427256555,-0.6598143692122405,0.096,0.9999999971227548,-3.498622438864912,2.7422844914702424,2026-03-27 03:35:04.468000
XRPUSDT,1598286852.0,1.3666,7.4,,,False,32.769199063151675,0.801115869959973,18.839769955905584,-1.0997629946895033,2.267,0.9999999971372319,-555.0738983286803,2.7472711506161787,2026-03-27 03:35:06.735000
XRPUSDT,1598286853.0,1.3666,4.1,,,False,32.85749925768483,0.8015112794774037,18.86613847606438,-0.664958973847894,2.267,0.999999997139935,1099.6296287120294,2.752257824066526,2026-03-27 03:35:06.735000
XRPUSDT,1598286854.0,1.3666,4.4,,,False,32.94587921325098,0.8019060972535024,18.892494536663488,-0.6663493998532377,2.267,0.9999999971415677,-3.5216904848690387,2.7572445058915007,2026-03-27 03:35:06.735000
XRPUSDT,1598286855.0,1.3666,3.7,,,False,33.03433836396772,0.8023003234007023,18.91883804222811,-0.6677333964222865,2.267,0.9999999971421029,-3.510666603112746,2.7622311961147874,2026-03-27 03:35:06.735000
XRPUSDT,1598286856.0,1.3666,8.0,,,False,33.122876639720005,0.8026939580347443,18.94516897628569,-0.6691146788621405,2.267,0.9999999971415111,-3.509047020762864,2.767217894759058,2026-03-27 03:35:06.735000
XRPUSDT,1598286857.0,1.3666,3.9,,,False,33.21149397057039,0.8030870012746644,18.971487322414387,-0.6704932356200957,2.267,0.9999999971397626,-3.5073921083989004,2.772204601846022,2026-03-27 03:35:06.735000
XRPUSDT,1598286858.0,1.3666,3.9,,,False,33.30019028675874,0.8034794532427844,18.99779306424364,-0.6718690552167099,2.267,0.9999999971368314,-3.505701865135284,2.777191317396424,2026-03-27 03:35:06.735000
XRPUSDT,1598286859.0,1.3666,3.9,,,False,33.3889655187015,0.8038713140646992,19.024086185454685,-0.6732421262411915,2.267,0.9999999971326891,-3.5039762785466886,2.782178041430083,2026-03-27 03:35:06.735000
XRPUSDT,1598286860.0,1.3666,73.1,,,False,33.47781959699084,0.8042625838692669,19.050366669780967,-0.6746124373518149,2.267,0.9999999971273099,-3.50221533741325,2.78716477396587,2026-03-27 03:35:06.735000
XRPUSDT,1598286861.0,1.3666,73.1,,,False,33.56675245239396,0.8046532627885966,19.076634501008687,-0.6759799772757039,2.267,0.999999997120667,-3.5004190301211597,2.792151515021734,2026-03-27 03:35:06.735000
XRPUSDT,1598286862.0,1.3666,60.1,,,False,33.65576401585229,0.8050433509580385,19.102889662977205,-0.6773447348087348,2.267,0.9999999971127348,-3.4985873449676586,2.797138264614693,2026-03-27 03:35:06.735000
XRPUSDT,1598286863.0,1.3666,124.0,,,False,33.74485421848064,0.8054328485161727,19.129132139579514,-0.6787066988157342,1.612,0.9999999971034892,-3.496720270913888,2.8021190284187694,2026-03-27 03:35:08.347000
XRPUSDT,1598286864.0,1.3666,740.4,,,False,33.833952001488626,0.8058217556047942,19.155350808920037,-0.6795245839687127,1.675,0.9999999970937739,-2.1030348299322217,2.807100377170551,2026-03-27 03:35:10.022000
XRPUSDT,1598286865.0,1.3666,3.9,,,False,33.92313499230189,0.8062100723689084,19.181557842192298,-0.6809309160884984,1.675,0.9999999970830865,-3.6216106275855906,2.8120817332924464,2026-03-27 03:35:10.022000
XRPUSDT,1598286866.0,1.3666,3.9,,,False,34.01239628840418,0.8065977989567151,19.207752152753617,-0.6822823762947342,1.675,0.999999997071458,-3.485601062028424,2.817063096789387,2026-03-27 03:35:10.022000
XRPUSDT,1598286867.0,1.3666,3.9,,,False,34.10173582160919,0.8069849355195994,19.23393372479792,-0.6836310038743154,1.675,0.99999999705888,-3.4835965105792295,2.822044467665253,2026-03-27 03:35:10.022000
XRPUSDT,1598286868.0,1.3666,940.8,,,False,34.191153523897796,0.807371482212119,19.260102542574195,-0.684976788051179,1.675,0.9999999970453435,-3.481556569767856,2.827025845923328,2026-03-27 03:35:10.022000
XRPUSDT,1598286869.0,1.3666,140.1,,,False,34.280649327422125,0.8077574391919943,19.28625859038763,-0.686319718154828,0.001,0.9999999970308401,-3.4794813247911467,2.8319917298168695,2026-03-27 03:35:10.023000
XRPUSDT,1598286870.0,1.3666,428.5,,,False,34.370038600959276,0.8081428066200965,19.312373242738428,-0.6862433183066291,0.008,0.9999999970177965,0.1982519606679858,2.8369576830958243,2026-03-27 03:35:10.031000
XRPUSDT,1598286871.0,1.3666,3490.6,,,False,34.45950625472206,0.8085275846604366,19.338475245730447,-0.6875806663821917,0.001,0.9999999970050081,-3.4756351333890643,2.8419235757276975,2026-03-27 03:35:10.032000
XRPUSDT,1598286872.0,1.3666,1915.3,,,False,34.54905067283578,0.8089117734801543,19.364564344197984,-0.6889032515905356,0.001,0.9999999969924841,-3.4425395546796294,2.8468894727511778,2026-03-27 03:35:10.032000
XRPUSDT,1598286873.0,1.3666,3780.6,,,False,34.6386725628034,0.8092953732495064,19.39064064297818,-0.6902288999143069,0.001,0.9999999969802168,-3.4558110553882644,2.8518553741433528,2026-03-27 03:35:10.033000
XRPUSDT,1598286874.0,1.3666,3.7,,,False,34.728371857674794,0.809678384141856,19.41670412688812,-0.6915516561489641,0.001,0.999999996968202,-3.4535734128673123,2.8568212798814585,2026-03-27 03:35:10.033000
XRPUSDT,1598286875.0,1.3666,3.9,,,False,34.818148490673266,0.8100608063336607,19.442754780803345,-0.6928715101780443,0.001,0.9999999969564354,-3.451300832860976,2.8617871899428957,2026-03-27 03:35:10.033000
XRPUSDT,1598286876.0,1.3666,3.9,,,False,34.90800239519467,0.8104426400044622,19.468792589658225,-0.6941884519532526,0.001,0.9999999969449143,-3.4489933075941157,2.8667531043052197,2026-03-27 03:35:10.033000
XRPUSDT,1598286877.0,1.3666,3.9,,,False,34.997933504806795,0.810823885336874,19.494817538446313,-0.6955024714941251,0.001,0.999999996933634,-3.4466508286407036,2.8717190229461425,2026-03-27 03:35:10.033000
XRPUSDT,1598286878.0,1.3666,1249.3,,,False,35.087941753248565,0.8112045425165706,19.520829612220673,-0.696813558888322,0.001,0.9999999969225916,-3.4442733885692944,2.8766849458435266,2026-03-27 03:35:10.033000
XRPUSDT,1598286879.0,1.3666,3.9,,,False,35.178027074429295,0.8115846117322767,19.546828796094257,-0.6981217042910213,0.001,0.9999999969117837,-3.441860978582531,2.8816508729753827,2026-03-27 03:35:10.033000
XRPUSDT,1598286880.0,1.3666,3.9,,,False,35.26818940242799,0.8119640931757552,19.57281507524023,-0.6994268979256205,0.001,0.9999999969012057,-3.4394135919666695,2.8866168043198805,2026-03-27 03:35:10.033000
XRPUSDT,1598286881.0,1.3666,3.9,,,False,35.35842867149261,0.8123429870417964,19.598788434892302,-0.7007291300831415,0.001,0.9999999968908556,-3.4369312206798743,2.891582739855338,2026-03-27 03:35:10.033000
XRPUSDT,1598286882.0,1.3666,3.7,,,False,35.448744816039365,0.8127212935282059,19.62474886034508,-0.7020283911224837,0.001,0.9999999968807288,-3.434413857593565,2.8965486795602198,2026-03-27 03:35:10.033000
XRPUSDT,1598286883.0,1.3666,3.9,,,False,35.53913777065197,0.8130990128357944,19.65069633695436,-0.7033246714701457,0.001,0.9999999968708227,-3.431861495081231,2.9015146234131364,2026-03-27 03:35:10.033000
XRPUSDT,1598286884.0,1.3667,7.4,,,False,35.68967703265516,0.8138526907327062,19.685736298406358,-1.1715947177760504,0.001,0.9999999968708937,-621.3132270757761,2.9064805714089315,2026-03-27 03:35:10.033000
XRPUSDT,1598286885.0,1.3667,4.1,,,False,35.7802747315949,0.8142286497385719,19.7116514177611,-0.7063953207418447,0.001,0.9999999968614216,1237.367345311958,2.911446523511603,2026-03-27 03:35:10.033000
XRPUSDT,1598286886.0,1.3667,3.7,,,False,35.87094900178946,0.8146040223986786,19.7375535190435,-0.707679490410237,0.001,0.9999999968521599,-3.4210527426993265,2.916412479698946,2026-03-27 03:35:10.033000
XRPUSDT,1598286887.0,1.3667,5.5,,,False,35.961699778387676,0.8149788089286903,19.763442587958078,-0.708960634638355,0.001,0.999999996843104,-3.418330504241277,2.9213784399501495,2026-03-27 03:35:10.033000
XRPUSDT,1598286888.0,1.3667,4.4,,,False,36.052526996911546,0.8153530095472076,19.789318610303628,-0.7102387458823833,0.001,0.9999999968342527,-3.415577582669009,2.9263444042445372,2026-03-27 03:35:10.033000
XRPUSDT,1598286889.0,1.3667,3.7,,,False,36.14343059304591,0.8157266244757564,19.815181571941785,-0.7115138150330077,0.001,0.9999999968256018,-3.4127896215950235,2.931310372561572,2026-03-27 03:35:10.033000
XRPUSDT,1598286890.0,1.3667,3.7,,,False,36.23441050263779,0.8160996539387767,19.841031458797282,-0.7127858330484478,0.001,0.9999999968171494,-3.4099666153469794,2.9362763448808735,2026-03-27 03:35:10.033000
XRPUSDT,1598286891.0,1.3667,3.9,,,False,36.32546666169566,0.8164720981636112,19.86686825685825,-0.7140547909539408,0.001,0.9999999968088912,-3.4071085571451944,2.941242321182188,2026-03-27 03:35:10.033000
XRPUSDT,1598286892.0,1.3667,4.4,,,False,36.41659900638875,0.8168439573804939,19.89269195217649,-0.7153206798420401,0.001,0.9999999968008247,-3.404215441293698,2.946208301445376,2026-03-27 03:35:10.033000
XRPUSDT,1598286893.0,1.3667,498.0,,,False,36.50780747304646,0.8172152318225387,19.91850253086776,-0.7165834908725739,0.001,0.9999999967929478,-3.401287262270496,2.9511742856504815,2026-03-27 03:35:10.033000
XRPUSDT,1598286894.0,1.3667,3.8,,,False,36.59909199815763,0.8175859217257287,19.944299979112035,-0.7178432152723273,0.001,0.9999999967852569,-3.3983240139878452,2.95614027377762,2026-03-27 03:35:10.033000
XRPUSDT,1598286895.0,1.3667,3.9,,,False,36.69045251836986,0.8179560273289039,19.97008428315377,-0.7190998443350916,0.001,0.9999999967777494,-3.3953256907851626,2.9611062658071097,2026-03-27 03:35:10.033000
XRPUSDT,1598286896.0,1.3667,3.9,,,False,36.78188897048889,0.8183255488737504,19.99585542930218,-0.7203533694217512,0.001,0.9999999967704228,-3.392292287532043,2.9660722617193365,2026-03-27 03:35:10.033000
XRPUSDT,1598286897.0,1.3667,242.3,,,False,36.87340129147795,0.8186944866047888,20.021613403931465,-0.7216037819600336,0.001,0.9999999967632737,-3.389223798723413,2.9710382614948556,2026-03-27 03:35:10.033000
XRPUSDT,1598286898.0,1.3667,3.7,,,False,36.96498941845704,0.8190628407693634,20.047358193481095,-0.7228510734445417,0.001,0.9999999967563006,-3.3861202192421764,2.9760042651143457,2026-03-27 03:35:10.033000
XRPUSDT,1598286899.0,1.3667,3.9,,,False,37.05665328870235,0.8194306116176288,20.07308978445603,-0.7240952354366226,0.001,0.9999999967495001,-3.382981543940251,2.980970272558604,2026-03-27 03:35:10.033000
XRPUSDT,1598286900.0,1.3667,3.7,,,False,37.14839283964561,0.819797799402544,20.09880816342699,-0.7253362595643581,0.001,0.9999999967428694,-3.3798077679022622,2.98593628380856,2026-03-27 03:35:10.033000
XRPUSDT,1598286901.0,1.3668,4.4,,,False,37.30114412664229,0.8205304268080826,20.13349199702177,-1.2078202554310797,0.001,0.9999999967460793,-658.5666768935913,2.9909022988613865,2026-03-27 03:35:10.033000
XRPUSDT,1598286902.0,1.3668,7.4,,,False,37.393085442485265,0.8208958669485199,20.15917707162834,-0.7282390608742931,0.001,0.999999996739775,1312.3385788516375,2.995868317682552,2026-03-27 03:35:10.033000
XRPUSDT,1598286903.0,1.3668,3.7,,,False,37.48510221051949,0.8212607250652116,20.18484887098002,-0.7294674235372991,0.001,0.9999999967336333,-3.3666858617367605,3.0008343402528923,2026-03-27 03:35:10.033000
XRPUSDT,1598286904.0,1.3668,4.1,,,False,37.57719436869294,0.8216250014249472,20.21050738201119,-0.7306926094439375,0.001,0.9999999967276504,-3.363341797770825,3.00580036655383,2026-03-27 03:35:10.033000
XRPUSDT,1598286905.0,1.3668,5.5,,,False,37.669361855309006,0.8219886962972487,20.236152591752862,-0.7319146122222311,0.001,0.9999999967218262,-3.3599670255471232,3.0107663965669262,2026-03-27 03:35:10.033000
XRPUSDT,1598286906.0,1.3668,567.8,,,False,37.76160460882241,0.8223518099543594,20.261784487302908,-0.7331334239563723,0.001,0.9999999967161567,-3.356557128253436,3.0157324302738493,2026-03-27 03:35:10.033000
XRPUSDT,1598286907.0,1.3668,15.0,,,False,37.8539225678385,0.8227143426712322,20.28740305582627,-0.7343490367964793,0.022,0.9999999967106398,-3.353112101420504,3.020698676548776,2026-03-27 03:35:10.055000
XRPUSDT,1598286908.0,1.3668,3.7,,,False,37.94631824852524,0.8230762947255184,20.313008659801415,-0.7355819528645988,0.022,0.9999999967052483,-3.406296644872306,3.0256649264810087,2026-03-27 03:35:10.055000
XRPUSDT,1598286909.0,1.3668,181.3,,,False,38.03878901660892,0.823437666397557,20.338600910693028,-0.7367912122793726,0.022,0.9999999966999933,-3.346303842666636,3.0306311800527794,2026-03-27 03:35:10.055000
XRPUSDT,1598286910.0,1.3668,400.0,,,False,38.13133481114067,0.8237984579703622,20.36417979586606,-0.7379972493973991,0.004,0.9999999966948716,-3.3427530156797065,3.0355972573171357,2026-03-27 03:35:10.059000
XRPUSDT,1598286911.0,1.3668,479.5,,,False,38.22395334580515,0.8241586697296144,20.389744980298758,-0.7391823033124449,0.001,0.9999999966899032,-3.2898812562537314,3.0405633081516115,2026-03-27 03:35:10.060000
XRPUSDT,1598286912.0,1.3668,200.0,,,False,38.31664641003186,0.8245183019636428,20.415296720676185,-0.7403788470703666,0.001,0.9999999966850791,-3.3271315658177842,3.045529362575927,2026-03-27 03:35:10.061000
XRPUSDT,1598286913.0,1.3668,320.5,,,False,38.409414314539774,0.8248773549634228,20.440835058442996,-0.7415751051119763,0.001,0.9999999966803953,-3.331703236966886,3.0504954205725605,2026-03-27 03:35:10.061000
XRPUSDT,1598286914.0,1.3668,3.9,,,False,38.50225699897196,0.825235829022559,20.466359981239272,-0.7427681111563824,0.035,0.9999999966758494,-3.3280122061859365,3.0554618241827485,2026-03-27 03:35:10.096000
XRPUSDT,1598286915.0,1.3668,36.6,,,False,38.59517864778747,0.8255937244372745,20.491872087826817,-0.7439918269952384,0.035,0.9999999966714,-3.419199544170132,3.060428231319799,2026-03-27 03:35:10.096000
XRPUSDT,1598286916.0,1.3668,3.9,,,False,38.68817496301491,0.8259510415064008,20.517370753925988,-0.7451784148024445,0.035,0.9999999966670655,-3.3208259826707844,3.0653946419668423,2026-03-27 03:35:10.096000
XRPUSDT,1598286917.0,1.3668,3.9,,,False,38.78124588472828,0.826307780531366,20.54285596737941,-0.7463617284136207,0.035,0.999999996662843,-3.317028775563485,3.0703610561070986,2026-03-27 03:35:10.096000
XRPUSDT,1598286918.0,1.3668,3.9,,,False,38.87439135314558,0.8266639418161829,20.568327716098835,-0.7475417606984004,0.035,0.999999996658732,-3.3131963946796796,3.0753274737239034,2026-03-27 03:35:10.096000
XRPUSDT,1598286919.0,1.3668,3.9,,,False,38.96761130862825,0.8270195256674387,20.593785988065342,-0.7487185045914613,0.035,0.9999999966547306,-3.3093288373606513,3.080293894800662,2026-03-27 03:35:10.096000
XRPUSDT,1598286920.0,1.3668,3.7,,,False,39.060905691680524,0.8273745323942829,20.61923077132949,-0.7498919530924428,0.035,0.9999999966508373,-3.3054261011132438,3.0852603193208936,2026-03-27 03:35:10.096000
XRPUSDT,1598286921.0,1.3668,3.9,,,False,39.15427444294898,0.8277289623084163,20.644662054011466,-0.7510620992660209,0.035,0.9999999966470502,-3.3014881840298216,3.0902267472682095,2026-03-27 03:35:10.096000
XRPUSDT,1598286922.0,1.3668,3.8,,,False,39.24771750322186,0.8280828157240797,20.67007982430126,-0.7522289362415886,0.035,0.9999999966433678,-3.2975150836968616,3.0951931786263125,2026-03-27 03:35:10.096000
XRPUSDT,1598286923.0,1.3668,3.8,,,False,39.34123481342855,0.828436092958043,20.69548407045877,-0.7533924572130868,0.035,0.9999999966397888,-3.293506797607942,3.1001596133789997,2026-03-27 03:35:10.096000
XRPUSDT,1598286924.0,1.3668,3.9,,,False,39.43482631463903,0.8287887943295928,20.720874780814007,-0.754552655439349,0.035,0.9999999966363115,-3.2894633246364586,3.1051260515101644,2026-03-27 03:35:10.096000
XRPUSDT,1598286925.0,1.3668,3.9,,,False,39.52849194806332,0.8291409201605222,20.74625194376719,-0.7557095242435836,0.035,0.9999999966329344,-3.2853846625829464,3.1100924930037857,2026-03-27 03:35:10.096000
XRPUSDT,1598286926.0,1.3668,3.7,,,False,39.622231655050896,0.8294924707751195,20.771615547788908,-0.7568630570133559,0.035,0.9999999966296561,-3.2812708095925887,3.115058937843944,2026-03-27 03:35:10.096000
XRPUSDT,1598286927.0,1.3669,7.4,,,False,39.778283481680276,0.8301938476648755,20.805744728248868,-1.2597818763422404,0.106,0.9999999966357932,-717.0450390856582,3.1200261165509824,2026-03-27 03:35:10.202000
XRPUSDT,1598286928.0,1.3669,4.1,,,False,39.87222985382124,0.830543674600983,20.831075057528746,-0.7595765703617103,0.106,0.999999996632615,1429.865039971615,3.1249932984269,2026-03-27 03:35:10.202000
XRPUSDT,1598286929.0,1.3669,3.7,,,False,39.966250119192054,0.8308929276426334,20.85639177422635,-0.7607171399545729,0.106,0.9999999966294914,-3.265739898706728,3.1299604835323764,2026-03-27 03:35:10.202000
XRPUSDT,1598286930.0,1.3669,3.9,,,False,40.06034419932353,0.8312416071264199,20.881694864326626,-0.761854178633173,0.106,0.9999999966264218,-3.2609853216839975,3.1349276718523753,2026-03-27 03:35:10.202000
XRPUSDT,1598286931.0,1.3669,197.9,,,False,40.15451203633481,0.8315897133913632,20.906984316767865,-0.7629878453090614,0.106,0.9999999966234062,-3.2566684086339936,3.1398948633719357,2026-03-27 03:35:10.202000
XRPUSDT,1598286932.0,1.3669,785.0,,,False,40.24875357248068,0.8319372467789,20.932260120559242,-0.7641181338042797,0.106,0.9999999966204434,-3.2523162831331947,3.144862058076158,2026-03-27 03:35:10.202000
XRPUSDT,1598286933.0,1.3669,439.9,,,False,40.343068750150984,0.8322842076328721,20.95752226478095,-0.7652450380042264,0.106,0.9999999966175322,-3.247928943699218,3.149829255950187,2026-03-27 03:35:10.202000
XRPUSDT,1598286934.0,1.3669,1011.6,,,False,40.43745751187014,0.8326305962995146,20.98277073858428,-0.7663685518578965,0.106,0.9999999966146729,-3.24350638997588,3.1547964569792546,2026-03-27 03:35:10.202000
XRPUSDT,1598286935.0,1.3669,417.6,,,False,40.5319198002966,0.8329764131274456,21.00800553119176,-0.7674886693774935,0.106,0.9999999966118633,-3.239048620908772,3.1597636611486433,2026-03-27 03:35:10.202000
XRPUSDT,1598286936.0,1.3669,3.9,,,False,40.6264555582223,0.8333216584676537,21.03322663189724,-0.7686053846386486,0.106,0.9999999966091037,-3.2345556365280648,3.164730868443688,2026-03-27 03:35:10.202000
XRPUSDT,1598286937.0,1.3669,3.9,,,False,40.721064728572166,0.8336663326734883,21.058434030065992,-0.7697186917799638,0.106,0.9999999966063928,-3.2300274359647996,3.169698078849802,2026-03-27 03:35:10.202000
XRPUSDT,1598286938.0,1.3669,434.5,,,False,40.815747254403625,0.8340104361006474,21.083627715134835,-0.7708285850032603,0.106,0.9999999966037303,-3.2254640195242827,3.1746652923524366,2026-03-27 03:35:10.202000
XRPUSDT,1598286939.0,1.3669,1601.2,,,False,40.910503078906046,0.8343539691071666,21.108807676612177,-0.7719350585729243,0.001,0.999999996601115,-3.220865386051401,3.1796314104119614,2026-03-27 03:35:10.203000
XRPUSDT,1598286940.0,1.3669,3.9,,,False,41.00531821835953,0.834696932053408,21.133971982873433,-0.7729246406438551,0.001,0.9999999965986588,-2.8853906282761304,3.1845975316949917,2026-03-27 03:35:10.203000
XRPUSDT,1598286941.0,1.3669,3.9,,,False,41.10020652351808,0.8350393253020495,21.1591225484442,-0.7740239502448281,0.001,0.9999999965963042,-3.2106637772054243,3.1895636561864777,2026-03-27 03:35:10.203000
XRPUSDT,1598286942.0,1.3669,3.9,,,False,41.19516793798521,0.8353811492180728,21.184259363058622,-0.7751198248753374,0.001,0.9999999965940505,-3.2059624243334333,3.1945297838714564,2026-03-27 03:35:10.203000
XRPUSDT,1598286943.0,1.3669,3.7,,,False,41.29020240549467,0.8357224041687528,21.20938241652279,-0.776212259056317,0.001,0.9999999965918954,-3.201225883472063,3.199495914735048,2026-03-27 03:35:10.203000
XRPUSDT,1598286944.0,1.3669,1692.9,,,False,41.38530986990995,0.8360630905236465,21.23449169871478,-0.7773012473709652,0.001,0.9999999965898381,-3.196454154989501,3.2044620487624784,2026-03-27 03:35:10.203000
XRPUSDT,1598286945.0,1.3669,3.8,,,False,41.48049027522387,0.8364032086545815,21.259587199584768,-0.7783867844648792,0.001,0.9999999965878763,-3.1916472401212252,3.2094281859390685,2026-03-27 03:35:10.203000
XRPUSDT,1598286946.0,1.3669,0.1,,,False,41.575743565557964,0.8367427589356455,21.28466890915507,-0.7794688650453494,0.001,0.9999999965860098,-3.186805138488961,3.214394326250202,2026-03-27 03:35:10.203000
XRPUSDT,1598286947.0,1.3668,8.8,,,True,41.60784829530118,0.836742758935644,21.30110959082982,-0.2631574359161819,0.82,0.9999999965752444,,3.2193691210972326,2026-03-27 03:35:11.023000
XRPUSDT,1598286948.0,1.3669,3.6,,,False,41.76657894141043,0.8374201574557407,21.334805937219073,-1.2994880263406772,8.462,0.9999999965817068,-1529.868400474948,3.224424903672086,2026-03-27 03:35:19.485000
XRPUSDT,1598286949.0,1.3669,3.2,,,False,41.86319150133247,0.8377580064541472,21.360001229242798,-0.7920427062719121,8.462,0.9999999965703072,1501.9885287870816,3.2294806596637127,2026-03-27 03:35:19.485000
XRPUSDT,1598286950.0,1.3668,213.3,,,True,41.8965122691091,0.8377580064541472,21.376579326302487,-0.27363544571647425,5.35,0.9999999965440932,,3.2345032589040423,2026-03-27 03:35:24.835000
XRPUSDT,1598286951.0,1.3668,3.7,,,True,41.99280297824013,0.8380952891214078,21.40169723323918,-0.790500426719389,5.35,0.9999999965250109,-1532.4386076546157,3.239525861122473,2026-03-27 03:35:24.835000
XRPUSDT,1598286952.0,1.3668,3.9,,,True,42.08916628314889,0.8384320058427428,21.426800978044113,-0.7915719914869137,5.35,0.9999999965020366,-3.1823924968036694,3.244548457099842,2026-03-27 03:35:24.835000
XRPUSDT,1598286953.0,1.3668,225.0,,,True,42.18560310678106,0.8387681570055651,21.45189068369124,-0.7926480138525275,5.35,0.9999999964749838,-3.201007417554913,3.2495710468437164,2026-03-27 03:35:24.835000
XRPUSDT,1598286954.0,1.3668,3.9,,,True,42.282113392904236,0.83910374299947,21.476966340162953,-0.7937204592385113,5.35,0.9999999964436717,-3.195739409457156,3.254593630359917,2026-03-27 03:35:24.835000
XRPUSDT,1598286955.0,1.3668,3.9,,,True,42.37869708539274,0.8394387642162241,21.50202793751687,-0.7947893225576989,5.35,0.9999999964079228,-3.1904347119963177,3.259616207652715,2026-03-27 03:35:24.835000
XRPUSDT,1598286956.0,1.3668,3.9,,,True,42.475354128229206,0.8397732210497543,21.527075465886178,-0.795854598801817,5.35,0.999999996367563,-3.1850933732589346,3.26463877872481,2026-03-27 03:35:24.835000
XRPUSDT,1598286957.0,1.3668,3.9,,,True,42.57208446550414,0.8401071138961365,21.552108915479646,-0.7969162830260901,5.35,0.9999999963224218,-3.179715396052108,3.2696613435773507,2026-03-27 03:35:24.835000
XRPUSDT,1598286958.0,1.3668,3.9,,,True,42.668888041415556,0.840440443153585,21.577128276581732,-0.7979743703490908,5.35,0.9999999962723315,-3.174300783254893,3.2746839022099747,2026-03-27 03:35:24.835000
XRPUSDT,1598286959.0,1.3668,4041.7,,,True,42.76576480026859,0.8407732092224429,21.602133539552614,-0.7990288559525045,5.35,0.9999999962171271,-3.1688495375530117,3.2797064546207984,2026-03-27 03:35:24.835000
XRPUSDT,1598286960.0,1.3668,3279.7,,,True,42.86271468647515,0.8411054125051646,21.62712469482825,-0.8000797350812265,5.35,0.9999999961566476,-3.1633616625111562,3.284729000806434,2026-03-27 03:35:24.835000
XRPUSDT,1598286961.0,1.3668,498.4,,,True,42.959737644553556,0.8414370534063147,21.65210173292044,-0.8011270030431978,5.35,0.9999999960907335,-3.1578371616390024,3.2897515407620146,2026-03-27 03:35:24.835000
XRPUSDT,1598286962.0,1.3668,286.3,,,True,43.05683361912812,0.8417681323325507,21.677064644416845,-0.8021706552089987,5.35,0.9999999960192301,-3.1522760378200814,3.2947740744811918,2026-03-27 03:35:24.835000
XRPUSDT,1598286963.0,1.3668,146.5,,,True,43.15400255492884,0.8420986496926134,21.702013419981064,-0.8032106870119685,5.35,0.999999995941984,-3.1466782948177263,3.2997966019561717,2026-03-27 03:35:24.835000
XRPUSDT,1598286964.0,1.3668,3.8,,,True,43.251244396790995,0.8424286058973159,21.726948050352664,-0.8042470939479902,5.35,0.9999999958588447,-3.1410439362884204,3.3048191231777024,2026-03-27 03:35:24.835000
XRPUSDT,1598286965.0,1.3668,14.1,,,True,43.34855908965483,0.8427580013595335,21.751868526347206,-0.8052798715756141,5.35,0.999999995769666,-3.1353729668011487,3.3098416381351146,2026-03-27 03:35:24.835000
XRPUSDT,1598286966.0,1.3668,3.7,,,True,43.44594657856514,0.8430868364941919,21.77677483885631,-0.8063090155152988,5.35,0.9999999956743025,-3.129665389173501,3.314864146816299,2026-03-27 03:35:24.835000
XRPUSDT,1598286967.0,1.3668,3.9,,,True,43.54340680867095,0.8434151117182563,21.801666978847656,-0.8073345214498318,5.35,0.9999999955726129,-3.1239212080523546,3.319886649207767,2026-03-27 03:35:24.835000
XRPUSDT,1598286968.0,1.3668,3.9,,,True,43.64093972522517,0.8437428274507215,21.826544937365053,-0.8083563851241936,5.35,0.9999999954644578,-3.1181404282155487,3.3249091452946242,2026-03-27 03:35:24.835000
XRPUSDT,1598286969.0,1.3668,3.7,,,True,43.73854527358419,0.8440699841126,21.851408705528435,-0.8093746023448892,5.35,0.9999999953497003,-3.112323052964812,3.3299316350605928,2026-03-27 03:35:24.835000
XRPUSDT,1598286970.0,1.3668,20.4,,,False,43.83622339920761,0.8443965821269118,21.876258274533892,-0.8103891689804974,1.713,0.9999999952282069,-3.1064690878359733,3.3349145251048937,2026-03-27 03:35:26.548000
XRPUSDT,1598286971.0,1.3668,5.0,,,False,43.93346164424151,0.8447226219186732,21.901026471428402,-0.8071503515899644,1.033,0.9999999951107165,9.93381014334415,3.3398900072029782,2026-03-27 03:35:27.581000
XRPUSDT,1598286972.0,1.3667,3.7,,,True,43.966246337261424,0.8447226219186732,21.917330007804566,-0.27266167803515146,0.34,0.9999999949816143,,3.344857926906042,2026-03-27 03:35:27.921000
XRPUSDT,1598286973.0,1.3667,3.7,,,True,44.063386153805205,0.8450481039148865,21.942052916596637,-0.8073353587975085,0.34,0.9999999948665286,-1642.713535565189,3.3498258552427704,2026-03-27 03:35:27.921000
XRPUSDT,1598286974.0,1.3667,7.4,,,True,44.16059744076623,0.8453730285445282,21.966761805033975,-0.8083253687766481,0.34,0.9999999947522787,-3.0468911520532167,3.3547937912658194,2026-03-27 03:35:27.921000
XRPUSDT,1598286975.0,1.3667,3.9,,,True,44.25788020423951,0.8456973962385399,21.991456672685608,-0.8093122806302788,0.34,0.9999999946388571,-3.042571352975857,3.3597617349380013,2026-03-27 03:35:27.921000
XRPUSDT,1598286976.0,1.3667,3.9,,,True,44.35523439163815,0.8460212074298156,22.016137511487422,-0.8102956027371035,0.34,0.9999999945262539,-3.036714398137018,3.3647296862222853,2026-03-27 03:35:27.921000
XRPUSDT,1598286977.0,1.3667,3.9,,,True,44.45265995049004,0.8463444625531921,22.04080431344918,-0.8112753315505447,0.34,0.9999999944144621,-3.0308222286085993,3.3696976450817417,2026-03-27 03:35:27.921000
XRPUSDT,1598286978.0,1.3667,26.7,,,True,44.55015682843752,0.8466671620454383,22.06545707065451,-0.8122514635820726,0.34,0.9999999943034724,-3.024894847937769,3.3746656114795925,2026-03-27 03:35:27.921000
XRPUSDT,1598286979.0,1.3667,10.1,,,True,44.64772497323694,0.8469893063452439,22.090095775260874,-0.8132239954010987,1.253,0.9999999941932781,-3.0189322599003727,3.379643621148927,2026-03-27 03:35:29.174000
XRPUSDT,1598286980.0,1.3668,747.0,,,False,44.81030609553291,0.8476319311318345,22.123109280186654,-1.3542447190861202,0.907,0.9999999940955737,-841.892088469483,3.3846178421595754,2026-03-27 03:35:30.081000
XRPUSDT,1598286981.0,1.3668,3.9,,,False,44.90814551551633,0.8479524125055082,22.147721988247685,-0.8160038402503034,0.907,0.9999999939841968,1679.47632233957,3.3895920660286682,2026-03-27 03:35:30.081000
XRPUSDT,1598286982.0,1.3668,3.7,,,False,45.006056260240754,0.8482723404604982,22.172320602347284,-0.816964837004672,0.907,0.999999993872769,-3.003791132909765,3.3945662954810043,2026-03-27 03:35:30.081000
XRPUSDT,1598286983.0,1.3668,3.9,,,False,45.104038124760116,0.8485917154449389,22.196905095249967,-0.8179209356137892,0.907,0.9999999937612912,-2.993655282022929,3.399540530481826,2026-03-27 03:35:30.081000
XRPUSDT,1598286984.0,1.3668,3.9,,,False,45.20209105730616,0.8489105379088232,22.221475459549435,-0.8188734078912596,0.907,0.9999999936497616,-2.9874691571801697,3.40451477099638,2026-03-27 03:35:30.081000
XRPUSDT,1598286985.0,1.3668,3.9,,,False,45.3002150062205,0.8492288083039893,22.246031687913142,-0.8198222507781703,0.907,0.9999999935381795,-2.981247710505867,3.409489016989867,2026-03-27 03:35:30.081000
XRPUSDT,1598286986.0,1.3668,3.9,,,False,45.39840991995412,0.8495465270841118,22.270573773082315,-0.8207674612719613,0.907,0.9999999934265434,-2.974990944590902,3.4144632684274714,2026-03-27 03:35:30.081000
XRPUSDT,1598286987.0,1.3668,3.9,,,False,45.496675747066995,0.8498636947046907,22.295101707871847,-0.8217090364268119,0.907,0.9999999933148521,-2.9686988638124676,3.4194375252743408,2026-03-27 03:35:30.081000
XRPUSDT,1598286988.0,1.3668,3123.5,,,False,45.59501243622772,0.8501803116230406,22.31961548517033,-0.8226469733537363,0.907,0.9999999932031048,-2.962371473427332,3.424411787495614,2026-03-27 03:35:30.081000
XRPUSDT,1598286989.0,1.3668,1188.1,,,False,45.69341993621308,0.8504963782982805,22.344115097939998,-0.8235812692200827,0.907,0.9999999930913005,-2.956008777696547,3.4293860550563764,2026-03-27 03:35:30.081000
XRPUSDT,1598286990.0,1.3668,3811.9,,,False,45.79189819590772,0.8508118951913224,22.368600539216704,-0.8245119212498487,0.001,0.9999999929794379,-2.9496107824646014,3.4343502306453404,2026-03-27 03:35:30.082000
XRPUSDT,1598286991.0,1.3668,1266.2,,,False,45.890314553012885,0.8511268627648623,22.393055011077845,-0.8243292014054564,0.001,0.9999999928701672,0.5801227165665531,3.4393144148272126,2026-03-27 03:35:30.082000
XRPUSDT,1598286992.0,1.3668,3.8,,,False,45.98880141960664,0.8514412814833681,22.41749533761203,-0.8252504343649012,0.001,0.9999999927621634,-2.929955836671413,3.4442786075648413,2026-03-27 03:35:30.082000
XRPUSDT,1598286993.0,1.3668,3.8,,,False,46.087358745168956,0.8517551518130707,22.4419215121335,-0.8261680312160076,0.001,0.9999999926554126,-2.923490257826149,3.449242808821266,2026-03-27 03:35:30.082000
XRPUSDT,1598286994.0,1.3668,3.7,,,False,46.1859864792883,0.8520684742219516,22.466333528029438,-0.8270819894347996,0.001,0.9999999925499002,-2.9169896339567183,3.4542070185597478,2026-03-27 03:35:30.082000
XRPUSDT,1598286995.0,1.3668,3.9,,,False,46.28468457166136,0.8523812491797331,22.490731378759953,-0.8279923065530409,0.001,0.9999999924456139,-2.910453972076912,3.4591712367437566,2026-03-27 03:35:30.082000
XRPUSDT,1598286996.0,1.3668,3.9,,,False,46.383452972092655,0.8526934771578728,22.515115057858026,-0.8288989801577946,0.001,0.9999999923425402,-2.903883278352799,3.4641354633369645,2026-03-27 03:35:30.082000
XRPUSDT,1598286997.0,1.3668,3.7,,,False,46.48229163049412,0.8530051586295435,22.53948455892946,-0.8298020078906173,0.001,0.9999999922406655,-2.89727755705907,3.469099698303259,2026-03-27 03:35:30.082000
XRPUSDT,1598286998.0,1.3668,4.9,,,True,46.58120049688481,0.8533162940696298,22.563839875652832,-0.8307013874478126,3.219,0.9999999921399759,-2.8906368138126837,3.474100121252061,2026-03-27 03:35:33.301000
XRPUSDT,1598286999.0,1.3668,69.2,,,True,46.68065742904733,0.8536268839547163,22.58824067218849,-0.8356085793828709,4.527,0.9999999920313115,-15.799587078284908,3.479115261078149,2026-03-27 03:35:37.828000
XRPUSDT,1598287000.0,1.3668,435.7,,,True,46.780379582127566,0.8539369287630764,22.612651379599367,-0.8381418473052339,4.527,0.9999999919152798,-8.170650996423351,3.484130390881458,2026-03-27 03:35:37.828000
XRPUSDT,1598287001.0,1.3668,3.7,,,True,46.88017251251683,0.8542464289746629,22.637047677234428,-0.8390402945718326,0.664,0.9999999917936138,-2.9028970997896857,3.4891019405680854,2026-03-27 03:35:38.492000
XRPUSDT,1598287002.0,1.3668,3.9,,,True,46.97945940532727,0.8545553850710969,22.661357928128137,-0.8350886512763972,0.664,0.9999999916778806,12.790306911064883,3.4940734962341335,2026-03-27 03:35:38.492000
XRPUSDT,1598287003.0,1.3668,3.9,,,True,47.07881636489723,0.8548637975356579,22.685653935030324,-0.8359711599151264,0.664,0.9999999915624646,-2.8614558104363894,3.499045057866729,2026-03-27 03:35:38.492000
XRPUSDT,1598287004.0,1.3668,3.9,,,True,47.178243341964965,0.8551716668532738,22.709935692054003,-0.836849998639847,0.664,0.9999999914473614,-2.854583664023686,3.5040166254298493,2026-03-27 03:35:38.492000
XRPUSDT,1598287005.0,1.3668,3.9,,,True,47.277740287064724,0.8554789935105099,22.734203193346723,-0.8377251629291589,0.664,0.9999999913325678,-2.84766800635706,3.5089881988875367,2026-03-27 03:35:38.492000
XRPUSDT,1598287006.0,1.3668,3.9,,,True,47.37730715083328,0.855785777995559,22.758456433128746,-0.838596650893517,0.664,0.9999999912180805,-2.840717203214268,3.5139597782038554,2026-03-27 03:35:38.492000
XRPUSDT,1598287007.0,1.3668,485.9,,,True,47.47694388400953,0.8560920207982333,22.78269540569292,-0.8394644606969129,0.664,0.9999999911038975,-2.8337312610047687,3.5189313633429404,2026-03-27 03:35:38.492000
XRPUSDT,1598287008.0,1.3668,15.0,,,True,47.57665043743423,0.8563977224099465,22.806920105404654,-0.8403285905564922,3.3,0.9999999909900138,-2.826710185584721,3.523932901479325,2026-03-27 03:35:41.792000
XRPUSDT,1598287009.0,1.3668,17.5,,,True,47.67682516612776,0.8567028833237145,22.831179397427665,-0.8445445288593697,4.585,0.9999999908685587,-13.815459689188714,3.528949047178086,2026-03-27 03:35:46.377000
XRPUSDT,1598287010.0,1.3669,3.9,,,False,47.84348795002302,0.8573115850373957,22.863549736410636,-1.4038648538721175,10.317,0.9999999907602827,-918.874240767575,3.5340305963362946,2026-03-27 03:35:56.694000
XRPUSDT,1598287011.0,1.3669,10.1,,,False,47.94491566697172,0.8576151268312305,22.887901467331805,-0.8553090534774659,10.317,0.9999999906072858,1807.183760313115,3.53911206135739,2026-03-27 03:35:56.694000
XRPUSDT,1598287012.0,1.3668,72.9,,,True,47.98009955434667,0.8576151268312305,22.904155031056643,-0.29727554064950185,0.664,0.9999999904163737,,3.5440832598193146,2026-03-27 03:35:57.358000
XRPUSDT,1598287013.0,1.3668,9.0,,,True,48.08015182742986,0.8579181299149431,22.92830710968172,-0.8445816375507917,2.228,0.9999999902628217,-1806.2723659290657,3.5490723253952194,2026-03-27 03:35:59.586000
XRPUSDT,1598287014.0,1.3669,5.0,,,False,48.24692133508922,0.858522521956924,22.960539942245212,-1.4064848704081807,2.095,0.9999999901266972,-929.6999196344817,3.554059903377634,2026-03-27 03:36:01.681000
XRPUSDT,1598287015.0,1.3669,43.8,,,False,48.34737772258395,0.858823911921484,22.984681107107622,-0.8481556476085252,1.731,0.9999999899670735,1852.5143118644057,3.5590433032753688,2026-03-27 03:36:03.412000
XRPUSDT,1598287016.0,1.3668,6721.1,,,True,48.38134602344688,0.858823911921484,23.000752658485027,-0.28736639101642547,2.26,0.9999999897840516,,3.56403273282601,2026-03-27 03:36:05.672000
XRPUSDT,1598287017.0,1.3668,3.9,,,True,48.48192045216135,0.8591247651884849,23.024876904122856,-0.8499911925856316,2.26,0.9999999896203878,-1870.0970316120986,3.569022172024255,2026-03-27 03:36:05.672000
XRPUSDT,1598287018.0,1.3668,3.8,,,True,48.58256412374439,0.8594250822648577,23.048986709851672,-0.8508186411777678,2.26,0.9999999894545358,-2.755249891648199,3.574011610275905,2026-03-27 03:36:05.672000
XRPUSDT,1598287019.0,1.3668,3.7,,,True,48.683277325497194,0.8597248636590293,23.073082111447686,-0.8516451999271998,2.26,0.9999999892864906,-2.757204968360028,3.579001047541258,2026-03-27 03:36:05.672000
XRPUSDT,1598287020.0,1.3668,3.9,,,True,48.78406000887446,0.8600241098809132,23.097163104065846,-0.8524680323262225,2.26,0.9999999891162493,-2.749683500907015,3.5839904837802687,2026-03-27 03:36:05.672000
XRPUSDT,1598287021.0,1.3668,3.9,,,True,48.884912125424144,0.8603228214418983,23.121229682933496,-0.8532871372356878,2.26,0.9999999889438101,-2.7421265744249523,3.588979918952616,2026-03-27 03:36:05.672000
XRPUSDT,1598287022.0,1.3668,3.9,,,True,48.98583362678786,0.8606209988548403,23.145281843350393,-0.8541025135748609,2.26,0.9999999887691704,-2.7345342195037197,3.5939693530177004,2026-03-27 03:36:05.672000
XRPUSDT,1598287023.0,1.3668,3.9,,,True,49.086824464700506,0.860918642634051,23.16931958068858,-0.8549141603138442,2.26,0.999999988592329,-2.726906442108693,3.5989587859346517,2026-03-27 03:36:05.672000
XRPUSDT,1598287024.0,1.3668,3.9,,,True,49.18788459099003,0.8612157532952884,23.193342890392334,-0.8557220764748524,2.26,0.9999999884132844,-2.719243253148589,3.603948217662315,2026-03-27 03:36:05.672000
XRPUSDT,1598287025.0,1.3668,14.6,,,True,49.289013957577126,0.8615123313557475,23.217351767978055,-0.8565262611309429,2.26,0.9999999882320348,-2.711544659931339,3.6089376481592845,2026-03-27 03:36:05.672000
XRPUSDT,1598287026.0,1.3668,13.9,,,True,49.390212516474875,0.8618083773340494,23.241346209034187,-0.8573267134066824,2.26,0.9999999880485781,-2.7038106726896705,3.6139270773838796,2026-03-27 03:36:05.672000
XRPUSDT,1598287027.0,1.3668,3.8,,,True,49.49148021978851,0.8621038917502322,23.265326209221097,-0.8581234324771491,2.26,0.9999999878629146,-2.6960412989590945,3.6189165052941688,2026-03-27 03:36:05.672000
XRPUSDT,1598287028.0,1.3668,3.9,,,True,49.592817019715085,0.8623988751257414,23.289291764271013,-0.8589164175683359,0.001,0.999999987675041,-2.688236548306646,3.623879769172367,2026-03-27 03:36:05.673000
XRPUSDT,1598287029.0,1.3668,3.9,,,True,49.69386993447395,0.8626933279834195,23.313201106828554,-0.8567169296459701,0.001,0.9999999874931574,7.469745546741311,3.6288430436881955,2026-03-27 03:36:05.673000
XRPUSDT,1598287030.0,1.3667,362.0,,,True,49.72784319865882,0.8626933279834195,23.329157432053847,-0.2886098439607188,0.001,0.9999999872857638,,3.6338063287823883,2026-03-27 03:36:05.674000
XRPUSDT,1598287031.0,1.3667,6960.0,,,True,49.828987512439156,0.8629872508474961,23.353046967134034,-0.858277503291861,0.001,0.999999987107468,-1938.1536074808353,3.638769624432539,2026-03-27 03:36:05.675000
XRPUSDT,1598287032.0,1.3667,3.7,,,True,49.930200443765834,0.8632806442435793,23.3769221627202,-0.859054883327909,0.001,0.9999999869311037,-2.6496166799453285,3.6437329305902924,2026-03-27 03:36:05.675000
XRPUSDT,1598287033.0,1.3667,3.7,,,True,50.0314819461984,0.8635735086986446,23.40078301490009,-0.8598285682068914,0.001,0.9999999867566512,-2.641784844835153,3.6486962472127447,2026-03-27 03:36:05.675000
XRPUSDT,1598287034.0,1.3667,3.9,,,True,50.132831973249836,0.863865844741026,23.424629519814932,-0.8605985562420779,0.001,0.9999999865840907,-2.633914138380193,3.653659574257205,2026-03-27 03:36:05.675000
XRPUSDT,1598287035.0,1.3667,700.0,,,True,50.23425047852775,0.8641576529004061,23.448461673675986,-0.8613648469938935,0.001,0.9999999864134037,-2.626008653916172,3.6586229116812663,2026-03-27 03:36:05.675000
XRPUSDT,1598287036.0,1.3667,7.4,,,True,50.33573741573401,0.8644489337078064,23.47227947276449,-0.8621274400713547,0.001,0.9999999862445696,-2.618068400274884,3.6635862594426976,2026-03-27 03:36:05.675000
XRPUSDT,1598287037.0,1.3667,5.5,,,True,50.43729273866446,0.8647396876955777,23.49608291343153,-0.862886335131726,0.001,0.9999999860775708,-2.6100933857805604,3.668549617499528,2026-03-27 03:36:05.675000
XRPUSDT,1598287038.0,1.3667,3.9,,,True,50.53891640120859,0.8650299153973909,23.519871992097908,-0.8636415318798923,0.001,0.9999999859123881,-2.6020836172711665,3.673512985810018,2026-03-27 03:36:05.675000
XRPUSDT,1598287039.0,1.3667,3.9,,,True,50.640608357349194,0.8653196173482265,23.54364670525408,-0.8643930300688083,0.001,0.9999999857490027,-2.5940391038047887,3.6784763643326093,2026-03-27 03:36:05.675000
XRPUSDT,1598287040.0,1.3667,183.0,,,True,50.74236856116213,0.8656087940843654,23.567407049459984,-0.8651408294991101,0.001,0.9999999855873977,-2.585959853777868,3.6834397530260246,2026-03-27 03:36:05.675000
XRPUSDT,1598287041.0,1.3667,431.9,,,True,50.84419696681591,0.8658974461433802,23.591153021344986,-0.865884930018887,0.001,0.9999999854275533,-2.5778458754694746,3.6884031518491684,2026-03-27 03:36:05.675000
XRPUSDT,1598287042.0,1.3667,3.7,,,True,50.94609352857146,0.8661855740641242,23.614884617607704,-0.8666253315232639,0.001,0.9999999852694527,-2.5696971763962098,3.6933665607611714,2026-03-27 03:36:05.675000
XRPUSDT,1598287043.0,1.3667,3.7,,,True,51.04805820078176,0.8664731783867213,23.638601835015944,-0.8673620339549226,0.001,0.9999999851130775,-2.5615137665739764,3.6983299797214118,2026-03-27 03:36:05.675000
XRPUSDT,1598287044.0,1.3667,3.9,,,True,51.150090937891605,0.8667602596525633,23.662304670406527,-0.8680950373029965,0.001,0.9999999849584117,-2.55329565279742,3.703293408689447,2026-03-27 03:36:05.675000
XRPUSDT,1598287045.0,1.3666,4.4,,,True,51.18435792655296,0.8667602596525633,23.678174265259383,-0.29212929172846935,0.003,0.9999999847735223,,3.7082568710665322,2026-03-27 03:36:05.678000
XRPUSDT,1598287046.0,1.3666,5.5,,,True,51.28648152688377,0.867046818404289,23.701857372707618,-0.8696010382136363,0.003,0.9999999846219664,-2015.1949399821062,3.713220343376946,2026-03-27 03:36:05.678000
XRPUSDT,1598287047.0,1.3666,7.4,,,True,51.38867308627611,0.8673328551857835,23.725526096607304,-0.8703262569113919,0.003,0.9999999844720694,-2.5354036427284723,3.7181838255634334,2026-03-27 03:36:05.678000
XRPUSDT,1598287048.0,1.3666,7322.1,,,True,51.49093255987756,0.8676183705421648,23.749180434026933,-0.8710477778816343,0.003,0.9999999843238131,-2.5270828840422412,3.723147317586431,2026-03-27 03:36:05.678000
XRPUSDT,1598287049.0,1.3666,73.1,,,True,51.59325990252559,0.8679033650197769,23.772820382057525,-0.871765597903505,0.003,0.9999999841771825,-2.5187155480525445,3.728110819406573,2026-03-27 03:36:05.678000
XRPUSDT,1598287050.0,1.3666,3.9,,,True,51.69565506914786,0.8681878391661786,23.796445937858685,-0.8724797172073344,0.003,0.9999999840321614,-2.5103135482164425,3.7330743309847083,2026-03-27 03:36:05.678000
XRPUSDT,1598287051.0,1.3666,4.1,,,True,51.798118014761876,0.8684717935301342,23.82005709865849,-0.8731901360695066,0.003,0.9999999838887317,-2.501876894145332,3.7380378522818867,2026-03-27 03:36:05.678000
XRPUSDT,1598287052.0,1.3666,3.9,,,True,51.900648694474626,0.8687552286616053,23.843653861753353,-0.8738968548119563,0.003,0.9999999837468798,-2.493405594365415,3.7430013832593785,2026-03-27 03:36:05.678000
XRPUSDT,1598287053.0,1.3666,3.9,,,True,52.003247063482426,0.8690381451117409,23.867236224507902,-0.8745998738023906,0.003,0.9999999836065883,-2.48489965888198,3.747964923878649,2026-03-27 03:36:05.678000
XRPUSDT,1598287054.0,1.3666,541.0,,,True,52.1059130770705,0.8693205434328681,23.890804184354838,-0.8752991934535734,0.003,0.9999999834678421,-2.4763590958739266,3.7529284741013607,2026-03-27 03:36:05.678000
XRPUSDT,1598287055.0,1.3666,75.2,,,True,52.208646690612724,0.8696024241784845,23.914357738794834,-0.8759948142233895,0.003,0.9999999833306258,-2.46778391441718,3.757892033889392,2026-03-27 03:36:05.678000
XRPUSDT,1598287056.0,1.3666,3.7,,,True,52.31144785957135,0.8698837879032416,23.93789688539636,-0.8766867366148492,0.003,0.999999983194924,-2.459174124372534,3.7628556032048177,2026-03-27 03:36:05.678000
XRPUSDT,1598287057.0,1.3666,3.9,,,True,52.414316539496696,0.8701646351629468,23.9614216217956,-0.8773749611756432,0.003,0.9999999830607218,-2.45052973461918,3.7678191820098967,2026-03-27 03:36:05.678000
XRPUSDT,1598287058.0,1.3666,3.9,,,True,52.51725268602687,0.8704449665145476,23.984931945696278,-0.8780594884982258,0.003,0.9999999829280037,-2.4418507550931197,3.77278277026711,2026-03-27 03:36:05.678000
XRPUSDT,1598287059.0,1.3666,3.9,,,True,52.620256254887494,0.8707247825161226,24.008427854869534,-0.8787403192189709,0.003,0.9999999827967546,-2.4331371934159938,3.777746367939109,2026-03-27 03:36:05.678000
XRPUSDT,1598287060.0,1.3666,3.9,,,True,52.72332720189132,0.8710040837268738,24.031909347153814,-0.8794174540191068,0.003,0.9999999826669619,-2.4243890612389194,3.7827099749887725,2026-03-27 03:36:05.678000
XRPUSDT,1598287061.0,1.3666,3.7,,,True,52.82646548293808,0.8712828707071169,24.05537642045471,-0.8800908936233637,0.003,0.9999999825386088,-2.4156063660854046,3.7876735913791393,2026-03-27 03:36:05.678000
XRPUSDT,1598287062.0,1.3666,3.9,,,True,52.92967105401415,0.871561144018272,24.07882907274481,-0.8807606388009204,0.003,0.9999999824116814,-2.4067891195762967,3.7926372170734686,2026-03-27 03:36:05.678000
XRPUSDT,1598287063.0,1.3666,3.7,,,True,53.032943871192195,0.8718389042228551,24.102267302063606,-0.8814266903640081,0.003,0.9999999822861672,-2.3979373290257273,3.7976008520351967,2026-03-27 03:36:05.678000
XRPUSDT,1598287064.0,1.3665,3.7,,,True,53.06759171954227,0.8718389042228551,24.118030492215137,-0.2962994462684561,0.14,0.9999999821259927,,3.8025661259731907,2026-03-27 03:36:05.818000
XRPUSDT,1598287065.0,1.3665,3.9,,,True,53.170976479204846,0.8721161518844688,24.141451519018414,-0.8830473783521133,0.14,0.9999999820026655,-2116.331400844554,3.807531409118401,2026-03-27 03:36:05.818000
XRPUSDT,1598287066.0,1.3665,73.1,,,True,53.27442838273843,0.8723928875677928,24.16485811418816,-0.8837056530161654,0.14,0.9999999818804973,-2.3787126262334874,3.812496700514016,2026-03-27 03:36:05.818000
XRPUSDT,1598287067.0,1.3665,7.4,,,True,53.377947403652044,0.8726691118385757,24.188250277865023,-0.8843603787803158,0.14,0.999999981759476,-2.370268775783976,3.817462000124081,2026-03-27 03:36:05.818000
XRPUSDT,1598287068.0,1.3665,4.1,,,True,53.48153349833386,0.8729448252636252,24.2116280083356,-0.8850114098714634,0.14,0.9999999816395918,-2.3612600330604727,3.822427307912819,2026-03-27 03:36:05.818000
XRPUSDT,1598287069.0,1.3665,441.6,,,True,53.58518662325671,0.8732200284108003,24.234991303952892,-0.8856587473277904,0.14,0.9999999815208335,-2.3522167641311764,3.82739262384462,2026-03-27 03:36:05.818000
XRPUSDT,1598287070.0,1.3665,3.9,,,True,53.68890673497775,0.873494721849001,24.258340163136143,-0.8863023922298792,0.14,0.9999999814031908,-2.3431389781448497,3.832357947884013,2026-03-27 03:36:05.818000
XRPUSDT,1598287071.0,1.3665,3.9,,,True,53.79269379013823,0.8737689061481599,24.28167458437068,-0.8869423457005563,0.14,0.999999981286653,-2.334026684387886,3.8373232799957036,2026-03-27 03:36:05.818000
XRPUSDT,1598287072.0,1.3665,3.9,,,True,53.89654774546321,0.8740425818792344,24.304994566207824,-0.887578608905413,0.14,0.9999999811712099,-2.324879894751926,3.8422886201445574,2026-03-27 03:36:05.818000
XRPUSDT,1598287073.0,1.3665,3.9,,,True,54.00046855776129,0.8743157496141961,24.328300107264667,-0.888211183051964,0.14,0.9999999810568518,-2.3156986187985074,3.847253968295572,2026-03-27 03:36:05.818000
XRPUSDT,1598287074.0,1.3665,3.9,,,True,54.104456183924356,0.8745884099260227,24.351591206223997,-0.8888400693894056,0.14,0.9999999809435671,-2.306482865909612,3.852219324413937,2026-03-27 03:36:05.818000
XRPUSDT,1598287075.0,1.3665,3.8,,,True,54.20851058092726,0.8748605633886894,24.3748678618341,-0.8894652692089471,0.14,0.9999999808313477,-2.2972326474017404,3.857184688464954,2026-03-27 03:36:05.818000
XRPUSDT,1598287076.0,1.3665,3.8,,,True,54.31263170582766,0.8751322105771603,24.398130072908618,-0.8900867838433775,0.14,0.9999999807201824,-2.2879479737266357,3.862150060414122,2026-03-27 03:36:05.818000
XRPUSDT,1598287077.0,1.3665,3.7,,,True,54.41681951576561,0.8754033520673788,24.421377838326443,-0.8907046146665611,0.14,0.9999999806100609,-2.2786288542032076,3.867115440227058,2026-03-27 03:36:05.818000
XRPUSDT,1598287078.0,1.3665,3.9,,,True,54.52107396796342,0.8756739884362598,24.444611157031495,-0.891318763093898,0.14,0.9999999805009747,-2.2692753005679815,3.8720808278695467,2026-03-27 03:36:05.818000
XRPUSDT,1598287079.0,1.3665,3.9,,,True,54.62539501972533,0.8759441202616799,24.467830028032644,-0.8919292305816852,0.14,0.9999999803929139,-2.259887322930964,3.8770462233075387,2026-03-27 03:36:05.818000
XRPUSDT,1598287080.0,1.3665,3.7,,,True,54.72978262843727,0.8762137481224699,24.4910344504035,-0.8925360186269058,0.14,0.999999980285869,-2.2504649313419853,3.8820116265071065,2026-03-27 03:36:05.818000
XRPUSDT,1598287081.0,1.3664,3.7,,,True,54.764785528140166,0.8762137481224699,24.506706092353312,-0.2998633069521156,0.783,0.9999999801410667,,3.886984771788905,2026-03-27 03:36:06.601000
XRPUSDT,1598287082.0,1.3664,1.3,,,True,54.86936938702501,0.8764828725984055,24.529902508456026,-0.8948189704104096,0.783,0.999999980034035,-2210.7081170892425,3.891957925763401,2026-03-27 03:36:06.601000
XRPUSDT,1598287083.0,1.3664,2.6,,,True,54.974019688601715,0.8767514942701983,24.553084433058604,-0.895417870141116,1.388,0.9999999799270277,-2.2295287148999083,3.8969383761335905,2026-03-27 03:36:07.989000
XRPUSDT,1598287084.0,1.3664,7.4,,,True,55.07883799865075,0.8770196137194882,24.576262813439943,-0.8968813950979571,1.388,0.9999999798182883,-5.458481138600338,3.9019188250131545,2026-03-27 03:36:07.989000
XRPUSDT,1598287085.0,1.3664,4.1,,,True,55.183722823075975,0.8772872315288339,24.599426676769628,-0.8974742961421189,1.388,0.9999999797086494,-2.2154767861356586,3.906899272352253,2026-03-27 03:36:07.989000
XRPUSDT,1598287086.0,1.3664,3.9,,,True,55.28867411896359,0.8775543482817045,24.622576022411685,-0.8980634976939761,1.388,0.9999999795981135,-2.2057828478566415,3.911879718115831,2026-03-27 03:36:07.989000
XRPUSDT,1598287087.0,1.3664,3.9,,,True,55.393691843683584,0.8778209645624713,24.645710849817043,-0.8986490032739551,1.388,0.9999999794866827,-2.196060864307469,3.916860162268753,2026-03-27 03:36:07.989000
XRPUSDT,1598287088.0,1.3664,30.1,,,True,55.49877595468387,0.878087080956399,24.668831158501117,-0.8992308146860021,1.388,0.9999999793743596,-2.1863042838503026,3.921840604775841,2026-03-27 03:36:07.989000
XRPUSDT,1598287089.0,1.3665,480.0,,,False,55.67373197809824,0.8786178164292128,24.699380852247188,-1.495077781833262,6.328,0.9999999793009776,-1122.6816326940927,3.9268809273579683,2026-03-27 03:36:14.317000
XRPUSDT,1598287090.0,1.3665,5.5,,,False,55.779829644744076,0.8788824366830194,24.722551769548872,-0.9073425887730046,1.658,0.9999999791723194,2221.051429758861,3.9318645732162074,2026-03-27 03:36:15.975000
XRPUSDT,1598287091.0,1.3665,67.7,,,False,55.88520252120082,0.8791465593998089,24.745623872527574,-0.9011541323498482,8.852,0.999999979048921,23.430231592261133,3.9369354433085646,2026-03-27 03:36:24.827000
XRPUSDT,1598287092.0,1.3665,3.7,,,False,55.99186356642529,0.8794101851691908,24.76881087863296,-0.9121543879491689,5.523,0.9999999789021068,-41.726784240830604,3.9419658644462072,2026-03-27 03:36:30.350000
XRPUSDT,1598287093.0,1.3665,3.9,,,False,56.0980253891053,0.8796733145816109,24.791923074316127,-0.9078857474368613,5.523,0.9999999787522716,16.222589763139183,3.9469962512862686,2026-03-27 03:36:30.350000
XRPUSDT,1598287094.0,1.3665,3.9,,,False,56.204253746111036,0.8799359482283519,24.815020509410754,-0.9084456309641933,5.523,0.9999999785945222,-2.1318042614858923,3.9520266041285974,2026-03-27 03:36:30.350000
XRPUSDT,1598287095.0,1.3665,3.9,,,False,56.31054859847753,0.8801980867015223,24.838103184524066,-0.9090017969923723,5.523,0.9999999784287598,-2.1216497580548044,3.957056922928437,2026-03-27 03:36:30.350000
XRPUSDT,1598287096.0,1.3665,3.9,,,False,56.416909902490985,0.880459730594049,24.861171099818247,-0.9095542065927159,5.523,0.9999999782548865,-2.1113032488892265,3.9620872076403257,2026-03-27 03:36:30.350000
XRPUSDT,1598287097.0,1.3665,3.9,,,False,56.5233376145076,0.8807208804996681,24.884224255520678,-0.9101028620329507,5.523,0.9999999780728102,-2.100921457099802,3.9671174582182003,2026-03-27 03:36:30.350000
XRPUSDT,1598287098.0,1.3665,3.9,,,False,56.629831690953445,0.880981537012917,24.907262651923897,-0.9106477656213586,5.523,0.9999999778824346,-2.0905044021962325,3.9721476746153304,2026-03-27 03:36:30.350000
XRPUSDT,1598287099.0,1.3665,21.6,,,False,56.73639208832427,0.8812417007291269,24.930286289385293,-0.9111889197054699,5.523,0.9999999776836701,-2.0800520994817147,3.97717785678437,2026-03-27 03:36:30.350000
XRPUSDT,1598287100.0,1.3665,2568.6,,,False,56.84301876318537,0.8815013722444133,24.953295168327053,-0.911726326672785,3.065,0.9999999774764258,-2.0695645678440515,3.9821780404825353,2026-03-27 03:36:33.415000
XRPUSDT,1598287101.0,1.3665,41.7,,,False,56.949289517866596,0.8817605521556685,24.97624533482787,-0.9086555748681054,3.065,0.9999999772695451,11.847954534005149,3.9871782099009243,2026-03-27 03:36:33.415000
XRPUSDT,1598287102.0,1.3665,1278.6,,,False,57.055626217688044,0.8820192410605541,24.999180886707187,-0.9091837510873804,0.002,0.9999999770588665,-2.0417428397579527,3.9921409828361196,2026-03-27 03:36:33.417000
XRPUSDT,1598287103.0,1.3665,1089.5,,,False,57.16150149474857,0.8822774395574932,25.02204712849111,-0.9052062077799121,0.001,0.9999999768555492,15.404982424845757,3.9971037544568975,2026-03-27 03:36:33.418000
XRPUSDT,1598287104.0,1.3665,3.8,,,False,57.26744215816552,0.882535148245656,25.04489891613624,-0.9057234193037048,0.001,0.999999976654276,-2.006961920763001,4.002066536942382,2026-03-27 03:36:33.418000
XRPUSDT,1598287105.0,1.3665,3.8,,,False,57.37344833956898,0.8827923677249633,25.067736268168293,-0.906238476309381,0.001,0.999999976455026,-2.0024028003766112,4.007029330252165,2026-03-27 03:36:33.418000
XRPUSDT,1598287106.0,1.3665,3.7,,,False,57.479519998396285,0.8830490985960691,25.090559185271154,-0.9067499104676232,0.001,0.9999999762577814,-1.9921022977850102,4.011992134346047,2026-03-27 03:36:33.418000
XRPUSDT,1598287107.0,1.3665,3.9,,,False,57.58565709416017,0.8833053414603563,25.11336766818909,-0.907257724303383,0.001,0.9999999760625228,-1.9817677154533946,4.016954949184034,2026-03-27 03:36:33.418000
XRPUSDT,1598287108.0,1.3665,3.9,,,False,57.69185958644859,0.8835610969199288,25.13616171772655,-0.9077619203781049,0.001,0.9999999758692333,-1.9713990683315399,4.021917774726309,2026-03-27 03:36:33.418000
XRPUSDT,1598287109.0,1.3665,3.9,,,False,57.79812743492436,0.8838163655776013,25.158941334748064,-0.9082625012877352,0.001,0.9999999756778941,-1.960996364357648,4.0268806109332775,2026-03-27 03:36:33.418000
XRPUSDT,1598287110.0,1.3665,3.9,,,False,57.90446059932512,0.8840711480368938,25.181706520177997,-0.9087594696647676,0.001,0.9999999754884876,-1.9505596202050854,4.0318434577655164,2026-03-27 03:36:33.418000
XRPUSDT,1598287111.0,1.3665,3.9,,,False,58.0108590394629,0.8843254449020226,25.20445727500044,-0.9092528281755384,0.001,0.9999999753009963,-1.940088842703395,4.0368063151838,2026-03-27 03:36:33.418000
XRPUSDT,1598287112.0,1.3665,3.9,,,False,58.11732271522407,0.8845792567778924,25.227193600259003,-0.9097425795221366,0.001,0.9999999751154023,-1.9295840469235057,4.041769183149114,2026-03-27 03:36:33.418000
XRPUSDT,1598287113.0,1.3665,3.8,,,False,58.22385158656892,0.8848325842700884,25.24991549705665,-0.9102287264408822,0.001,0.9999999749316889,-1.9190452427070699,4.046732061622615,2026-03-27 03:36:33.418000
XRPUSDT,1598287114.0,1.3665,3.9,,,False,58.33044561353167,0.885085427984869,25.27262296655557,-0.9107112717032794,0.001,0.9999999747498376,-1.908472444394692,4.051694950565654,2026-03-27 03:36:33.418000
XRPUSDT,1598287115.0,1.3666,3.7,,,False,58.50804972461012,0.8855896665105331,25.30250149808934,-1.515020335224557,0.051,0.9999999746161657,-1198.4587308663722,4.056658465284846,2026-03-27 03:36:33.469000
XRPUSDT,1598287116.0,1.3666,3.9,,,False,58.61482615198272,0.8858410625372267,25.325171649998865,-0.9114699495485,0.051,0.9999999744380565,2400.7952457081255,4.061621989522225,2026-03-27 03:36:33.469000
XRPUSDT,1598287117.0,1.3666,160.0,,,False,58.72166759812371,0.8860919772181094,25.34782737383855,-0.9119387033326818,0.051,0.9999999742616674,-1.8681799826648986,4.066585523678999,2026-03-27 03:36:33.469000
XRPUSDT,1598287118.0,1.3666,7.4,,,False,58.82857401874722,0.8863424111626866,25.37046867060808,-0.9124038309483351,0.051,0.9999999740869826,-1.857286624776424,4.071549067717212,2026-03-27 03:36:33.469000
XRPUSDT,1598287119.0,1.3666,73.1,,,False,58.935545374279506,0.8865923649810897,25.393095541834708,-0.9128653749147025,0.051,0.9999999739139871,-1.8465169658785612,4.0765126215990755,2026-03-27 03:36:33.469000
XRPUSDT,1598287120.0,1.3666,73.1,,,False,59.04258162521909,0.8868418392840691,25.41570798910361,-0.913323338233021,0.051,0.9999999737426666,-1.835713389512187,4.081476185286996,2026-03-27 03:36:33.469000
XRPUSDT,1598287121.0,1.3666,75.2,,,False,59.14968273213649,0.8870908346829857,25.438306014057684,-0.913777723937224,0.051,0.9999999735730053,-1.8248759060615352,4.08643975874353,2026-03-27 03:36:33.469000
XRPUSDT,1598287122.0,1.3666,3.9,,,False,59.25684865567406,0.887339351789804,25.46088961839741,-0.9142285350947628,0.051,0.9999999734049889,-1.8140045299505059,4.091403341931427,2026-03-27 03:36:33.469000
XRPUSDT,1598287123.0,1.3666,3.9,,,False,59.36407935654571,0.8875873912170843,25.483458803880673,-0.9146757748054898,0.051,0.9999999732386028,-1.8030992718819354,4.096366934813618,2026-03-27 03:36:33.469000
XRPUSDT,1598287124.0,1.3666,3.9,,,False,59.47137479553677,0.8878349535779747,25.506013572322548,-0.9151194462022281,0.051,0.9999999730738333,-1.7921601455994145,4.1013305373531885,2026-03-27 03:36:33.469000
XRPUSDT,1598287125.0,1.3666,3.9,,,False,59.57873493350367,0.8880820394862041,25.528553925595187,-0.9155595524497477,0.051,0.9999999729106646,-1.7811871614751646,4.106294149513393,2026-03-27 03:36:33.469000
XRPUSDT,1598287126.0,1.3666,3.9,,,False,59.68615973137383,0.8883286495560749,25.551079865627592,-0.9159960967455827,0.051,0.9999999727490831,-1.7701803339321756,4.111257771257661,2026-03-27 03:36:33.469000
XRPUSDT,1598287127.0,1.3666,3.8,,,False,59.793649150145335,0.8885747844024544,25.57359139440546,-0.9164290823191051,0.051,0.9999999725890765,-1.7591396744161054,4.116221402549617,2026-03-27 03:36:33.469000
XRPUSDT,1598287128.0,1.3666,3.8,,,False,59.901203150886865,0.8888204446407685,25.59608851397103,-0.9168585124316119,0.051,0.9999999724306287,-1.7480651954660933,4.121185043353025,2026-03-27 03:36:33.469000
XRPUSDT,1598287129.0,1.3666,3.7,,,False,60.00882169473732,0.8890656308869936,25.618571226422862,-0.9172843903759678,0.051,0.9999999722737265,-1.7369569089319858,4.126148693631821,2026-03-27 03:36:33.469000
XRPUSDT,1598287130.0,1.3666,3.9,,,False,60.11650474290573,0.8893103437576496,25.641039533915684,-0.9177067194771287,0.051,0.9999999721183571,-1.7258148295544318,4.131112353350112,2026-03-27 03:36:33.469000
XRPUSDT,1598287131.0,1.3666,3.9,,,False,60.224252256671,0.889554583869792,25.66349343866023,-0.9181255030906449,0.051,0.9999999719645067,-1.7146389667231599,4.136076022472164,2026-03-27 03:36:33.469000
XRPUSDT,1598287132.0,1.3666,3.7,,,False,60.33206419738172,0.8897983518410053,25.68593294292304,-0.9185407446041034,0.051,0.9999999718121612,-1.7034293364783235,4.141039700962431,2026-03-27 03:36:33.469000
XRPUSDT,1598287133.0,1.3667,3.9,,,False,60.5116637075926,0.8902844738335793,25.71536133880317,-1.5276044465158527,0.051,0.9999999717111553,-1252.9029980452863,4.146003389537074,2026-03-27 03:36:33.469000
XRPUSDT,1598287134.0,1.3667,3.7,,,False,60.61964738398346,0.8905268290926853,25.737762679630357,-0.9190335166656309,0.051,0.9999999715619539,2511.069626032265,4.150967086930969,2026-03-27 03:36:33.469000
XRPUSDT,1598287135.0,1.3667,3.7,,,False,60.7276953500167,0.8907687146863378,25.760149626608563,-0.9194352112016158,0.051,0.9999999714142148,-1.6606798690209574,4.155930793584612,2026-03-27 03:36:33.469000
XRPUSDT,1598287136.0,1.3667,3.7,,,False,60.83580756335261,0.8910101312346542,25.782522181899974,-0.9198333484266865,0.051,0.9999999712679263,-1.6491712264434053,4.160894509463103,2026-03-27 03:36:33.469000
XRPUSDT,1598287137.0,1.3667,3.7,,,False,60.943983985731,0.8912510793582362,25.804880348112707,-0.9202279659943633,0.051,0.9999999711230757,-1.6377698311582367,4.165858234531692,2026-03-27 03:36:33.469000
XRPUSDT,1598287138.0,1.3667,3.7,,,False,61.052224578959965,0.8914915596781644,25.827224127909375,-0.9206190674975709,0.051,0.9999999709796502,-1.6263347592204072,4.170821968755799,2026-03-27 03:36:33.469000
XRPUSDT,1598287139.0,1.3667,7.4,,,False,61.16052930491569,0.8917315728159869,25.849553524006886,-0.9210066565581,0.051,0.999999970837637,-1.6148660196079057,4.1757857121009785,2026-03-27 03:36:33.469000
XRPUSDT,1598287140.0,1.3667,4.4,,,False,61.26889812554228,0.8919711193937215,25.871868539176287,-0.9213907368283639,0.051,0.9999999706970246,-1.6033636293040103,4.1807494645329735,2026-03-27 03:36:33.469000
XRPUSDT,1598287141.0,1.3667,3.7,,,False,61.377331002851456,0.8922102000338363,25.89416917624258,-0.9217713119889616,0.051,0.9999999705577993,-1.5918275959730708,4.185713226017674,2026-03-27 03:36:33.469000
XRPUSDT,1598287142.0,1.3667,4.1,,,False,61.48582789892247,0.8924488153592508,25.916455438084522,-0.9221483857511459,0.051,0.9999999704199511,-1.5802579382918953,4.190676996521109,2026-03-27 03:36:33.469000
XRPUSDT,1598287143.0,1.3667,3.9,,,False,61.594388775901834,0.8926869659933265,25.938727327634478,-0.922521961854077,0.051,0.9999999702834674,-1.5686546642252575,4.195640776009475,2026-03-27 03:36:33.469000
XRPUSDT,1598287144.0,1.3667,3.9,,,False,61.70301359600317,0.8929246525598599,25.96098484787823,-0.9228920440666586,0.051,0.9999999701483354,-1.557017790190131,4.20060456444912,2026-03-27 03:36:33.469000
XRPUSDT,1598287145.0,1.3667,3.7,,,False,61.81170232150696,0.8931618756830758,25.983228001854783,-0.9232586361860694,0.051,0.9999999700145447,-1.5453473271958476,4.205568361806556,2026-03-27 03:36:33.469000
XRPUSDT,1598287146.0,1.3667,3.7,,,False,61.92045491476039,0.8933986359876201,26.0054567926562,-0.9236217420383379,0.051,0.9999999698820828,-1.533643289432885,4.210532168048434,2026-03-27 03:36:33.469000
XRPUSDT,1598287147.0,1.3667,3.7,,,False,62.029271338177104,0.8936349340985531,26.02767122342742,-0.9239813654775094,0.051,0.9999999697509391,-1.521905688334288,4.215495983141564,2026-03-27 03:36:33.469000
XRPUSDT,1598287148.0,1.3667,3.7,,,False,62.13815155423712,0.893870770641342,26.04987129736608,-0.9243375103864839,0.051,0.9999999696211012,-1.5101345396386574,4.220459807052873,2026-03-27 03:36:33.469000
XRPUSDT,1598287149.0,1.3667,3.9,,,False,62.247095525486465,0.8941061462418541,26.07205701772233,-0.9246901806755143,0.051,0.9999999694925584,-1.4983298534898357,4.225423639749497,2026-03-27 03:36:33.469000
XRPUSDT,1598287150.0,1.3667,3.7,,,False,62.35610321453713,0.8943410615263511,26.094228387798655,-0.9250393802832819,0.051,0.9999999693652998,-1.4864916453409693,4.230387481198682,2026-03-27 03:36:33.469000
XRPUSDT,1598287151.0,1.3667,3.7,,,False,62.4651745840668,0.8945755171214823,26.116385410949686,-0.9253851131758454,0.051,0.9999999692393138,-1.4746199269414728,4.235351331367825,2026-03-27 03:36:33.469000
XRPUSDT,1598287152.0,1.3667,3.7,,,False,62.57430959681871,0.8948095136542716,26.13852809058204,-0.9257273833469506,0.051,0.9999999691145898,-1.46271471215932,4.240315190224483,2026-03-27 03:36:33.469000
XRPUSDT,1598287153.0,1.3667,3.7,,,False,62.68350821560137,0.8950430517521213,26.16065643015411,-0.9260661948175231,0.051,0.999999968991117,-1.4507760133877081,4.245279057736333,2026-03-27 03:36:33.469000
XRPUSDT,1598287154.0,1.3667,3355.9,,,True,62.79277040328849,0.8952761320427981,26.182770433175925,-0.9264015516360705,0.004,0.9999999688688841,-1.4388038455489325,4.250242345732986,2026-03-27 03:36:33.473000
XRPUSDT,1598287155.0,1.3667,681.0,,,True,62.90208753960745,0.8955087551544284,26.204869301111344,-0.9266608115945133,0.004,0.9999999687480172,-1.1145064504803393,4.25520564279875,2026-03-27 03:36:33.473000
XRPUSDT,1598287156.0,1.3667,902.4,,,True,63.011468167702,0.8957409217154909,26.226953842534357,-0.9269892786537207,0.004,0.9999999686284426,-1.414790561156566,4.260168948901793,2026-03-27 03:36:33.473000
XRPUSDT,1598287157.0,1.3667,3.7,,,True,63.120912250661625,0.8959726323548106,26.24902406110588,-0.9273143042437721,0.177,0.9999999685101487,-1.4027219078316668,4.265134431131914,2026-03-27 03:36:33.650000
XRPUSDT,1598287158.0,1.3667,3.9,,,True,63.230451433962195,0.8962038877015517,26.271082903830195,-0.9279038581284867,0.177,0.9999999683926287,-2.5493632602350873,4.270099920558647,2026-03-27 03:36:33.650000
XRPUSDT,1598287159.0,1.3667,3.9,,,True,63.34005400947312,0.8964346883852112,26.29312742061328,-0.9282219781688018,0.177,0.9999999682761019,-1.3783323137132328,4.275065417149692,2026-03-27 03:36:33.650000
XRPUSDT,1598287160.0,1.3667,3.9,,,True,63.449719940385926,0.8966650350356122,26.315157615277847,-0.928536665967915,0.177,0.9999999681605609,-1.3661487960224932,4.280030920873691,2026-03-27 03:36:33.650000
XRPUSDT,1598287161.0,1.3667,3.9,,,True,63.55944918996735,0.8968949282828974,26.33717349169807,-0.9288479258622027,0.177,0.9999999680459968,-1.3539323053782533,4.284996431699388,2026-03-27 03:36:33.650000
XRPUSDT,1598287162.0,1.3667,225.0,,,True,63.669241721547635,0.8971243687575218,26.359175053798342,-0.929155762116925,0.177,0.9999999679324019,-1.3416824351775225,4.289961949595654,2026-03-27 03:36:33.650000
XRPUSDT,1598287163.0,1.3667,3.9,,,True,63.779097498520386,0.8973533570902475,26.38116230555308,-0.9294601790226966,0.177,0.9999999678197692,-1.3293991975399284,4.294927474531493,2026-03-27 03:36:33.650000
XRPUSDT,1598287164.0,1.3667,3.7,,,True,63.889016484342434,0.897581893912136,26.403135250986573,-0.929761180896151,0.177,0.9999999677080896,-1.3170826082513651,4.29989300647605,2026-03-27 03:36:33.650000
XRPUSDT,1598287165.0,1.3667,3.9,,,True,63.99899864253355,0.8978099798545421,26.425093894172754,-0.9300587720787351,0.177,0.9999999675973563,-1.3047326785894853,4.304858545398581,2026-03-27 03:36:33.650000
XRPUSDT,1598287166.0,1.3667,3.9,,,True,64.10904393667636,0.8980376155491077,26.44703823923506,-0.9303529569376329,0.177,0.999999967487562,-1.2923494246333438,4.309824091268447,2026-03-27 03:36:33.650000
XRPUSDT,1598287167.0,1.3667,3.9,,,True,64.21915233041614,0.898264801627755,26.46896829034623,-0.9306437398645306,0.177,0.9999999673786983,-1.2799328578100504,4.3147896440551605,2026-03-27 03:36:33.650000
XRPUSDT,1598287168.0,1.3667,532.6,,,True,64.32932378746058,0.8984915387226802,26.490884051728116,-0.9309311252764361,0.177,0.9999999672707583,-1.2674829939066274,4.319755203728352,2026-03-27 03:36:33.650000
XRPUSDT,1598287169.0,1.3667,1564.9,,,True,64.4395582715797,0.8987178274663469,26.512785527651516,-0.9312151176144035,0.177,0.9999999671637344,-1.2549998438529273,4.324720770257753,2026-03-27 03:36:33.650000
XRPUSDT,1598287170.0,1.3667,2058.2,,,True,64.54985574660557,0.8989436684914802,26.534672722435992,-0.9314957213447953,0.177,0.9999999670576197,-1.2424834249055081,4.329686343613238,2026-03-27 03:36:33.650000
XRPUSDT,1598287171.0,1.3668,5.0,,,False,64.73355513825484,0.8993940099183144,26.563179537408253,-1.548505966361716,1.331,0.9999999670067294,-1370.0943512000786,4.334666462951993,2026-03-27 03:36:34.981000
XRPUSDT,1598287172.0,1.3667,0.1,,,True,64.7708538151146,0.8993940099183144,26.5784236504327,-0.3152771887115009,0.045,0.9999999668449381,,4.339630371393214,2026-03-27 03:36:35.026000
XRPUSDT,1598287173.0,1.3667,3.7,,,True,64.88131541636439,0.8996185115867146,26.60026576848827,-0.9321092265345755,0.045,0.9999999667401478,-2747.5610413888767,4.344594288513067,2026-03-27 03:36:35.026000
XRPUSDT,1598287174.0,1.3667,3.7,,,True,64.9918398551771,0.8998425680699664,26.622093631201672,-0.9323763556803412,0.045,0.9999999666364456,-1.1922401971532428,4.349558213801369,2026-03-27 03:36:35.026000
XRPUSDT,1598287175.0,1.3667,3.9,,,True,65.1024270981685,0.9000661800020069,26.643907243342028,-0.9326401416805659,0.045,0.9999999665338206,-1.179659769573349,4.354522147228504,2026-03-27 03:36:35.026000
XRPUSDT,1598287176.0,1.3667,3.9,,,True,65.21307710959987,0.9002893480169958,26.665706609507772,-0.9329005687813205,0.045,0.9999999664322651,-1.1669553128733485,4.359486088765011,2026-03-27 03:36:35.026000
XRPUSDT,1598287177.0,1.3667,3.9,,,True,65.32378985379343,0.9005120727493098,26.687491734344743,-0.9331576416087355,0.045,0.9999999663317694,-1.1542176961852668,4.364450038381506,2026-03-27 03:36:35.026000
XRPUSDT,1598287178.0,1.3667,3.9,,,True,65.43456529513224,0.9007343548335378,26.709262622546035,-0.9334113648129135,0.045,0.9999999662323253,-1.141446936936946,4.369413996048813,2026-03-27 03:36:35.026000
XRPUSDT,1598287179.0,1.3667,3.9,,,True,65.54540339805997,0.9009561949044728,26.731019278851814,-0.9336617430657443,0.045,0.9999999661339233,-1.1286430435023702,4.374377961737821,2026-03-27 03:36:35.026000
XRPUSDT,1598287180.0,1.3667,3.9,,,True,65.65630412708074,0.9011775935971069,26.7527617080491,-0.9339087810630926,0.045,0.9999999660365547,-1.115806034846267,4.379341935419557,2026-03-27 03:36:35.026000
XRPUSDT,1598287181.0,1.3667,1286.2,,,True,65.76726744675891,0.9013985515466256,26.774489914971603,-0.9341524835224184,0.045,0.999999965940211,-1.1029359199641682,4.384305917065209,2026-03-27 03:36:35.026000
XRPUSDT,1598287182.0,1.3667,1187.0,,,True,65.87829332171897,0.9016190693884001,26.796203904499567,-0.9343928551848828,0.001,0.9999999658448843,-1.0900327181245728,4.389269351365688,2026-03-27 03:36:35.027000
XRPUSDT,1598287183.0,1.3667,3.8,,,True,65.98937349011482,0.9018391477579828,26.817902954262298,-0.9345607983743183,0.001,0.9999999657506796,-0.7631062959704196,4.394232794061589,2026-03-27 03:36:35.027000
XRPUSDT,1598287184.0,1.3667,1692.9,,,True,66.10051614112784,0.902058787291101,26.839587799246885,-0.934794548700305,0.001,0.999999965657537,-1.0642452324869507,4.399196245124445,2026-03-27 03:36:35.027000
XRPUSDT,1598287185.0,1.3667,3.7,,,True,66.21172123958212,0.90227798862365,26.861258444468575,-0.9350249833660416,0.001,0.9999999655654471,-1.0512466464364174,4.404159704525921,2026-03-27 03:36:35.028000
XRPUSDT,1598287186.0,1.3667,3.7,,,True,66.32298875036118,0.9024967523916884,26.88291489498836,-0.9352521071984398,0.001,0.9999999654744014,-1.0382150318348298,4.409123172237839,2026-03-27 03:36:35.028000
XRPUSDT,1598287187.0,1.3667,3.9,,,True,66.4343186384078,0.9027150792314291,26.90455715591282,-0.9354759250453696,0.001,0.9999999653843902,-1.025150399261818,4.414086648232116,2026-03-27 03:36:35.028000
XRPUSDT,1598287188.0,1.3667,3.8,,,True,66.54571086872393,0.9029329697792419,26.92618523239392,-0.9356964417769935,0.001,0.9999999652954059,-1.012052766113797,4.419050132480811,2026-03-27 03:36:35.028000
XRPUSDT,1598287189.0,1.3667,3.9,,,True,66.65716540637044,0.9031504246716355,26.94779912962886,-0.9359136622840319,0.001,0.9999999652074394,-0.9989221426445939,4.424013624956092,2026-03-27 03:36:35.028000
XRPUSDT,1598287190.0,1.3667,1827.8,,,True,66.76868221646697,0.9033674445452601,26.969398852859854,-0.9361275914790127,0.001,0.9999999651204816,-0.985758545555426,4.428977125630274,2026-03-27 03:36:35.028000
XRPUSDT,1598287191.0,1.3667,276.8,,,True,66.88026126419189,0.9035840300368982,26.990984407373986,-0.9363382342954074,3.062,0.9999999650345237,-0.9725619883469329,4.4339793461071855,2026-03-27 03:36:38.090000
XRPUSDT,1598287192.0,1.3667,5.0,,,True,66.9924789632977,0.9038001817834606,27.012605852031996,-0.9413735002846999,1.811,0.9999999649418462,-23.295051135943442,4.438965715368786,2026-03-27 03:36:39.901000
XRPUSDT,1598287193.0,1.3668,3.8,,,False,67.17878153232272,0.9042311865896011,27.040620976568555,-1.5597837810310775,0.377,0.9999999649047701,-1434.8106376909093,4.443933934184925,2026-03-27 03:36:40.278000
XRPUSDT,1598287194.0,1.3668,3.7,,,False,67.29065908994114,0.9044460409235847,27.06216067849469,-0.9370391565851053,6.814,0.9999999648140936,2898.450372862816,4.448983627591681,2026-03-27 03:36:47.092000
XRPUSDT,1598287195.0,1.3668,3.9,,,False,67.40381538416766,0.9046604640612923,27.083791006611534,-0.9474034753244873,6.814,0.9999999647074048,-48.33582257114471,4.4540332506829525,2026-03-27 03:36:47.092000
XRPUSDT,1598287196.0,1.3668,1.4,,,False,67.5170339859077,0.9048744566401842,27.10540676963779,-0.9475895812612143,6.814,0.9999999645916547,-0.8696840689087647,4.459082802154514,2026-03-27 03:36:47.092000
XRPUSDT,1598287197.0,1.3668,6.0,,,False,67.63031483844718,0.9050880192978141,27.12700797213345,-0.9477721579413093,1.694,0.9999999644666987,-0.8549091967725183,4.46406743965699,2026-03-27 03:36:48.786000
XRPUSDT,1598287198.0,1.3668,4.4,,,False,67.74268801906507,0.9053011526718233,27.14851159244756,-0.9398533273745694,1.694,0.999999964346506,37.154343394378536,4.469052065925974,2026-03-27 03:36:48.786000
XRPUSDT,1598287199.0,1.3668,1.3,,,False,67.85512320017317,0.9055138573999358,27.17000098754141,-0.94003373140448,1.694,0.9999999642249809,-0.8481430173717697,4.474036681187629,2026-03-27 03:36:48.786000
XRPUSDT,1598287200.0,1.3668,2.8,,,False,67.96762035052197,0.9057261341199474,27.191476163617743,-0.9402109035324593,2.204,0.9999999641021267,-0.8346281587997374,4.479027747830087,2026-03-27 03:36:50.990000
XRPUSDT,1598287201.0,1.3668,3.9,,,False,68.0802762591572,0.9059379834697286,27.21294536526206,-0.941192372220474,2.204,0.9999999639765434,-4.632861460411372,4.484018797410894,2026-03-27 03:36:50.990000
XRPUSDT,1598287202.0,1.3668,3.9,,,False,68.19299408470148,0.9061494060872142,27.23440032789765,-0.9413625747156409,2.204,0.9999999638488513,-0.8050344716714803,4.489009829868257,2026-03-27 03:36:50.990000
XRPUSDT,1598287203.0,1.3668,3.9,,,False,68.30577379152744,0.9063604026103971,27.25584105753399,-0.9415295163306047,2.204,0.9999999637190515,-0.7912055253112531,4.494000845173641,2026-03-27 03:36:50.990000
XRPUSDT,1598287204.0,1.3668,3.9,,,False,68.41861534456217,0.9065709736773252,27.277267560266136,-0.94169320655513,2.204,0.9999999635871452,-0.7773633239993596,4.498991843298507,2026-03-27 03:36:50.990000
XRPUSDT,1598287205.0,1.3668,6.0,,,False,68.53151870878813,0.9067811199260942,27.298679842231962,-0.9418536507361386,2.204,0.9999999634531346,-0.763488199044293,4.5039828242142335,2026-03-27 03:36:50.990000
XRPUSDT,1598287206.0,1.3668,2319.4,,,False,68.64448384924324,0.9069908419948433,27.320077909612053,-0.942010854240247,0.033,0.9999999633170217,-0.7495801707761077,4.508946250392169,2026-03-27 03:36:51.023000
XRPUSDT,1598287207.0,1.3668,3.9,,,False,68.75709677136079,0.907200140521749,27.341426971461328,-0.9387200853007551,0.033,0.9999999631848983,15.72284806846015,4.5139096852694705,2026-03-27 03:36:51.023000
XRPUSDT,1598287208.0,1.3668,4102.0,,,False,68.86977133373628,0.9074090161450198,27.362761966737736,-0.938872957353029,0.033,0.9999999630540533,-0.7318807713416605,4.518873128818353,2026-03-27 03:36:51.023000
XRPUSDT,1598287209.0,1.3668,898.0,,,False,68.98250750261042,0.9076174695028911,27.38408290154853,-0.9390226418994859,0.033,0.9999999629244757,-0.7180721288706943,4.523836581008987,2026-03-27 03:36:51.023000
XRPUSDT,1598287210.0,1.3668,1842.6,,,False,69.09530524424699,0.9078255012336197,27.405389782039432,-0.9391691439841122,0.033,0.9999999627961564,-0.704229513993884,4.528800041811721,2026-03-27 03:36:51.023000
XRPUSDT,1598287211.0,1.3668,1672.9,,,False,69.2081645249653,0.9080331119754785,27.42668261439718,-0.9393124689388983,0.033,0.9999999626690846,-0.6903542345778382,4.533763511196957,2026-03-27 03:36:51.023000
XRPUSDT,1598287212.0,1.3668,122.8,,,False,69.32108531113985,0.9082403023667509,27.447961404849366,-0.9394526221134545,0.033,0.9999999625432509,-0.676446304751335,4.538726989135293,2026-03-27 03:36:51.023000
XRPUSDT,1598287213.0,1.3668,1858.2,,,False,69.43406756920028,0.9084470730457261,27.469226159664238,-0.9395896088747024,0.033,0.9999999624186451,-0.6625057378873723,4.543690475597405,2026-03-27 03:36:51.023000
XRPUSDT,1598287214.0,1.3668,3.8,,,False,69.5471112656312,0.9086534246506937,27.49047688515052,-0.9397234346071901,0.033,0.9999999622952576,-0.6485325496195009,4.5486539705541285,2026-03-27 03:36:51.023000
XRPUSDT,1598287215.0,1.3668,3.7,,,False,69.66021636697204,0.9088593578199374,27.511713587657248,-0.9398541047122584,0.033,0.9999999621730792,-0.6345267522863385,4.553617473976413,2026-03-27 03:36:51.023000
XRPUSDT,1598287216.0,1.3668,3.9,,,False,69.77338283981689,0.9090648731917313,27.53293627357358,-0.9399816246087085,0.033,0.9999999620520996,-0.6204883621940086,4.558580985835297,2026-03-27 03:36:51.023000
XRPUSDT,1598287217.0,1.3668,3.8,,,False,69.88661065081435,0.9092699714043343,27.554144949328617,-0.9401059997316508,0.033,0.9999999619323098,-0.6064173907895309,4.563544506102001,2026-03-27 03:36:51.023000
XRPUSDT,1598287218.0,1.3668,3.9,,,False,69.9998997666674,0.9094746530959842,27.575339621391215,-0.9402272355336697,0.033,0.9999999618137004,-0.5923138559276935,4.56850803474785,2026-03-27 03:36:51.023000
XRPUSDT,1598287219.0,1.3668,3.9,,,False,70.11325015413331,0.9096789189048932,27.59652029626985,-0.9403453374832853,0.033,0.9999999616962614,-0.5781777686946015,4.573471571744262,2026-03-27 03:36:51.023000
XRPUSDT,1598287220.0,1.3668,3.9,,,False,70.22666178002326,0.9098827694692424,27.617686980512374,-0.940460311065763,0.033,0.9999999615799846,-0.5640091448592763,4.578435117062803,2026-03-27 03:36:51.023000
XRPUSDT,1598287221.0,1.3668,3.9,,,False,70.34013461120253,0.9100862054271777,27.63883968070587,-0.9405721617825954,0.033,0.9999999614648604,-0.5498079983873345,4.58339867067518,2026-03-27 03:36:51.023000
XRPUSDT,1598287222.0,1.3668,3.9,,,False,70.4536686145901,0.9102892274168028,27.659978403476504,-0.9406808951514347,0.033,0.999999961350879,-0.5355743436465243,4.58836223255316,2026-03-27 03:36:51.023000
XRPUSDT,1598287223.0,1.3668,3.7,,,False,70.56726375715857,0.9104918360761767,27.681103155489282,-0.9407865167058277,0.033,0.9999999612380327,-0.5213081944246886,4.59332580266868,2026-03-27 03:36:51.023000
XRPUSDT,1598287224.0,1.3668,3.9,,,False,70.68092000593408,0.9106940320433061,27.70221394344792,-0.9408890319953989,0.033,0.9999999611263115,-0.5070095661479667,4.598289380993782,2026-03-27 03:36:51.023000
XRPUSDT,1598287225.0,1.3669,3.7,,,False,70.87021299789362,0.9110971884525749,27.729429358504913,-1.563686119132236,4.761,0.9999999610745308,-1544.802644379126,4.603313152339135,2026-03-27 03:36:55.784000
XRPUSDT,1598287226.0,1.3669,7.4,,,False,70.98494635176134,0.9112981501704283,27.75057684324227,-0.9480443853109957,4.761,0.99999996095285,3063.4776632958274,4.6083368137969645,2026-03-27 03:36:55.784000
XRPUSDT,1598287227.0,1.3669,2.8,,,False,71.09974086798222,0.9114987017474551,27.77171009949944,-0.9481298960658195,4.761,0.9999999608252267,-0.42637787292218793,4.613360423640944,2026-03-27 03:36:55.784000
XRPUSDT,1598287228.0,1.3669,1.1,,,False,71.21459641250937,0.9116988438213327,27.792829126656635,-0.9482114351355709,4.308,0.9999999606916147,-0.4074059400485711,4.618378219604909,2026-03-27 03:37:00.092000
XRPUSDT,1598287229.0,1.3669,2.6,,,False,71.32942518788114,0.9118985770296572,27.813926892664316,-0.9475669147278614,4.308,0.9999999605532028,3.2269065976380102,4.623395969668244,2026-03-27 03:37:00.092000
XRPUSDT,1598287230.0,1.3668,71.0,,,True,71.36853548216301,0.9118985770296572,27.828938471792892,-0.3234206802464515,0.25,0.9999999603500439,,4.6283620445337785,2026-03-27 03:37:00.342000
XRPUSDT,1598287231.0,1.3669,1.5,,,False,71.55847836772831,0.9122968193995998,27.856016994166083,-1.5648410504330579,0.644,0.9999999602714937,-3117.248348952134,4.633333149575865,2026-03-27 03:37:00.986000
XRPUSDT,1598287232.0,1.3669,3.9,,,False,71.6727790300278,0.9124953298359629,27.877015688113485,-0.9419406222605644,0.644,0.9999999601334403,3137.872444313911,4.638304247441306,2026-03-27 03:37:00.986000
XRPUSDT,1598287233.0,1.3669,3.9,,,False,71.78714050500592,0.9126934339562542,27.89800044945336,-0.9420122673131901,0.644,0.9999999599957462,-0.36165352098854714,4.64327534618531,2026-03-27 03:37:00.986000
XRPUSDT,1598287234.0,1.3669,3.8,,,False,71.9015627501858,0.9128911323975933,27.918971284587244,-0.9420807792093597,0.644,0.9999999598584096,-0.3465474775904655,4.64824644577979,2026-03-27 03:37:00.986000
XRPUSDT,1598287235.0,1.3669,20.3,,,False,72.01604573291915,0.9130884257969897,27.939928200734357,-0.9421462441691935,0.644,0.9999999597214295,-0.3318152560300157,4.653217546196833,2026-03-27 03:37:00.986000
XRPUSDT,1598287236.0,1.3669,9.8,,,False,72.13058942060937,0.9132853147913422,27.960871205150468,-0.9422086679664223,0.347,0.9999999595848028,-0.3170507190315352,4.658184867449752,2026-03-27 03:37:01.333000
XRPUSDT,1598287237.0,1.3669,12.5,,,False,72.24513602303358,0.913481800017427,27.981795747864172,-0.9417940392413008,5.781,0.9999999594493304,2.110228506151122,4.663221356505035,2026-03-27 03:37:07.114000
XRPUSDT,1598287238.0,1.3668,23.1,,,True,72.28469631987804,0.913481800017427,27.99679110336297,-0.3259480335307031,1.006,0.9999999592395282,,4.668196988002148,2026-03-27 03:37:08.120000
XRPUSDT,1598287239.0,1.3668,5825.9,,,True,72.39945118870716,0.9136778821118973,28.017706898735753,-0.9435599341163652,1.006,0.999999959095431,-3149.761849770473,4.673172628384877,2026-03-27 03:37:08.120000
XRPUSDT,1598287240.0,1.3668,1440.0,,,True,72.5142666461088,0.9138735617112784,28.038608784029847,-0.9436119641611137,1.006,0.9999999589511636,-0.26589406822716727,4.6781482649619734,2026-03-27 03:37:08.120000
XRPUSDT,1598287241.0,1.3668,3.7,,,True,72.62914267286105,0.9140688394519628,28.059496767730096,-0.9436610794386775,1.006,0.999999958806728,-0.2515149826685714,4.683123897706017,2026-03-27 03:37:08.120000
XRPUSDT,1598287242.0,1.3668,3.9,,,True,72.74407923647274,0.9142637159702053,28.08037085730611,-0.9437071764425422,1.006,0.999999958662125,-0.23654468111625723,4.688099526589661,2026-03-27 03:37:08.120000
XRPUSDT,1598287243.0,1.3668,3.9,,,True,72.85907630450333,0.9144581919021183,28.101231060263114,-0.9437502610554704,1.006,0.9999999585173557,-0.22154213379733181,4.693075151585663,2026-03-27 03:37:08.120000
XRPUSDT,1598287244.0,1.3668,3.9,,,True,72.97413384456293,0.9146522678836677,28.122077384141768,-0.9437903391746958,1.006,0.9999999583724216,-0.20650736327795718,4.698050772666802,2026-03-27 03:37:08.120000
XRPUSDT,1598287245.0,1.3668,3.9,,,True,73.08925182431213,0.9148459445506686,28.14290983651798,-0.9438274167095384,1.006,0.9999999582273239,-0.1914403805928962,4.703026389805933,2026-03-27 03:37:08.120000
XRPUSDT,1598287246.0,1.3668,3.9,,,True,73.20443021146198,0.9150392225387795,28.16372842500276,-0.9438614995829684,1.006,0.9999999580820629,-0.17634120555123015,4.7080020029760075,2026-03-27 03:37:08.120000
XRPUSDT,1598287247.0,1.3668,3.9,,,True,73.31966897377372,0.9152321024835006,28.184533157242004,-0.9438925937300318,1.006,0.9999999579366401,-0.16120985055403775,4.712977612150005,2026-03-27 03:37:08.120000
XRPUSDT,1598287248.0,1.3668,7321.4,,,True,73.43496807905878,0.9154245850201633,28.20532404091635,-0.9439207050985547,1.006,0.9999999577910568,-0.14604633236025708,4.71795321730099,2026-03-27 03:37:08.120000
XRPUSDT,1598287249.0,1.3668,215.0,,,True,73.55032749517852,0.9156166707839334,28.226101083740982,-0.9439458396486867,1.006,0.9999999576453146,-0.13085066607052726,4.722928818402092,2026-03-27 03:37:08.120000
XRPUSDT,1598287250.0,1.3668,16.9,,,True,73.66574719004429,0.9158083604098025,28.24686429346549,-0.9439680033532767,1.006,0.9999999574994128,-0.11562286946656716,4.727904415426508,2026-03-27 03:37:08.120000
XRPUSDT,1598287251.0,1.3668,13.8,,,True,73.7812271316171,0.9159996545325836,28.267613677873637,-0.9439872021965562,1.006,0.9999999573533556,-0.10036295417958101,4.732880008347514,2026-03-27 03:37:08.120000
XRPUSDT,1598287252.0,1.3668,2277.5,,,True,73.89676728790769,0.9161905537869077,28.28834924478326,-0.94400344217555,1.006,0.999999957207141,-0.08507093991173516,4.737855597138412,2026-03-27 03:37:08.120000
XRPUSDT,1598287253.0,1.3668,431.9,,,True,74.01236762697623,0.9163810588072187,28.309071002046004,-0.9440167292982159,1.006,0.9999999570607722,-0.06974683734958662,4.74283118177263,2026-03-27 03:37:08.120000
XRPUSDT,1598287254.0,1.3668,3.7,,,True,74.12802811693234,0.91657117022777,28.32977895754727,-0.9440270695855291,1.006,0.9999999569142494,-0.054390668815065144,4.747806762223621,2026-03-27 03:37:08.120000
XRPUSDT,1598287255.0,1.3668,3.9,,,True,74.2437487259349,0.9167608886826187,28.350473119205915,-0.9440344690688649,1.006,0.9999999567675739,-0.03900244360378725,4.7527823384649395,2026-03-27 03:37:08.120000
XRPUSDT,1598287256.0,1.3668,3.9,,,True,74.35952942219195,0.9169502148056236,28.37115349497416,-0.9440389337917319,1.006,0.9999999566207474,-0.023582180821696126,4.75775791047017,2026-03-27 03:37:08.120000
XRPUSDT,1598287257.0,1.3667,3.9,,,True,74.39849975217784,0.9169502148056236,28.385982477342754,-0.31844868674821564,1.006,0.9999999564107868,,4.762733464978301,2026-03-27 03:37:08.120000
XRPUSDT,1598287258.0,1.3667,3.7,,,True,74.51436021308918,0.9171391492304384,28.4066443580943,-0.9446930816636852,1.006,0.999999956263535,-3314.612440423477,4.767709028536013,2026-03-27 03:37:08.120000
XRPUSDT,1598287259.0,1.3667,2078.6,,,True,74.6302806878479,0.9173276925905087,28.427292471658596,-0.9446910133793729,1.006,0.9999999561161357,0.01096980721829946,4.77268458781813,2026-03-27 03:37:08.120000
XRPUSDT,1598287260.0,1.3667,7322.0,,,True,74.74626114487853,0.9175158455190685,28.447926826086785,-0.9446860283914613,1.006,0.9999999559685913,0.02649434133036979,4.777660142798393,2026-03-27 03:37:08.120000
XRPUSDT,1598287261.0,1.3667,71.8,,,True,74.86230155259959,0.9177036086491343,28.468547429458546,-0.9446781323483225,1.006,0.999999955820903,0.042053214259971286,4.782635693450642,2026-03-27 03:37:08.120000
XRPUSDT,1598287262.0,1.3667,3868.5,,,True,74.97840187947824,0.9178909826135022,28.489154289886077,-0.9446673313548586,1.006,0.9999999556730713,0.05764404622802477,4.787611239748781,2026-03-27 03:37:08.120000
XRPUSDT,1598287263.0,1.3667,6962.6,,,True,75.09456209402992,0.9180779680447435,28.509747415513903,-0.9446536315260219,1.006,0.999999955525097,0.07326682483097215,4.7925867816667465,2026-03-27 03:37:08.120000
XRPUSDT,1598287264.0,1.3667,3.7,,,True,75.21078216481841,0.9182645655752,28.530326814518734,-0.9446370389878294,1.006,0.9999999553769824,0.08892153155477613,4.797562319178561,2026-03-27 03:37:08.120000
XRPUSDT,1598287265.0,1.3667,3.7,,,True,75.32706206045556,0.9184507758369806,28.550892495109267,-0.9446175598761144,1.006,0.9999999552287275,0.10460815386158984,4.802537852258365,2026-03-27 03:37:08.120000
XRPUSDT,1598287266.0,1.3667,4.4,,,True,75.44340174960135,0.9186365994619569,28.571444465526046,-0.9445952003376896,1.006,0.9999999550803342,0.12032667228205765,4.807513380880305,2026-03-27 03:37:08.120000
XRPUSDT,1598287267.0,1.3667,7.4,,,True,75.55980120096363,0.918822037081759,28.591982734041242,-0.9445699665288378,1.006,0.9999999549318033,0.13607707475267208,4.812488905018615,2026-03-27 03:37:08.120000
XRPUSDT,1598287268.0,1.3667,75.2,,,True,75.67626038329806,0.9190070893277715,28.612507308958552,-0.9445418646162729,1.006,0.9999999547831365,0.15185934335037102,4.81746442464762,2026-03-27 03:37:08.120000
XRPUSDT,1598287269.0,1.3667,121.9,,,True,75.79277926540802,0.9191917568311297,28.633018198612955,-0.9445109007760986,1.006,0.9999999546343338,0.16767346507225317,4.822439939741691,2026-03-27 03:37:08.120000
XRPUSDT,1598287270.0,1.3667,3.9,,,True,75.90935781614441,0.9193760402227158,28.65351541137061,-0.9444770811949015,1.006,0.9999999544853969,0.18351942031243412,4.827415450275281,2026-03-27 03:37:08.120000
XRPUSDT,1598287271.0,1.3667,3.9,,,True,76.0259960044056,0.9195599401331537,28.673998955628633,-0.9444404120681721,1.006,0.9999999543363273,0.19939719732370756,4.832390956222898,2026-03-27 03:37:08.120000
XRPUSDT,1598287272.0,1.3667,800.0,,,True,76.14269379913736,0.9197434571928068,28.694468839814967,-0.9444008996012059,1.006,0.9999999541871252,0.21530677878606522,4.83736645755916,2026-03-27 03:37:08.120000
XRPUSDT,1598287273.0,1.3667,400.0,,,True,76.25945116933256,0.9199265920317723,28.714925072388183,-0.9443585500083915,1.006,0.9999999540377927,0.2312481505626163,4.84234195425869,2026-03-27 03:37:08.120000
XRPUSDT,1598287274.0,1.3667,1600.0,,,True,76.37626808403135,0.9201093452798786,28.735367661837326,-0.9443133695140384,1.006,0.9999999538883299,0.24722129330801465,4.847317446296244,2026-03-27 03:37:08.120000
XRPUSDT,1598287275.0,1.3667,2285.8,,,True,76.49314451232073,0.9202917175666814,28.75579661668175,-0.9442653643505273,1.006,0.999999953738739,0.2632261970977895,4.852292933646619,2026-03-27 03:37:08.120000
XRPUSDT,1598287276.0,1.3667,1310.0,,,True,76.61008042333465,0.9204737095214582,28.77621194547096,-0.9442145407602455,1.006,0.9999999535890202,0.27926284073475094,4.857268416284695,2026-03-27 03:37:08.120000
XRPUSDT,1598287277.0,1.3667,3.7,,,True,76.72707578625383,0.9206553217732067,28.796613656784405,-0.9441609049936119,1.006,0.9999999534391755,0.29533121315958366,4.8622438941853865,2026-03-27 03:37:08.120000
XRPUSDT,1598287278.0,1.3667,3.9,,,True,76.84413057030565,0.9208365549506393,28.81700175923136,-0.9441044633102469,1.006,0.9999999532892054,0.3114312962153342,4.867219367323747,2026-03-27 03:37:08.120000
XRPUSDT,1598287279.0,1.3666,3.7,,,True,76.88349668756962,0.9208365549506393,28.831725019059405,-0.3182161607518904,1.006,0.9999999530731329,,4.872194822731763,2026-03-27 03:37:08.120000
XRPUSDT,1598287280.0,1.3666,3.9,,,True,77.00063036183688,0.9210174096821799,28.85209486845472,-0.9446832734305765,1.006,0.9999999529227902,-3463.9243736788962,4.87717028718255,2026-03-27 03:37:08.120000
XRPUSDT,1598287281.0,1.3666,7.4,,,True,77.11782339861594,0.9211978865959601,28.872451129795202,-0.9446206463177633,1.006,0.9999999527723274,0.3470089968925387,4.882145746833116,2026-03-27 03:37:08.120000
XRPUSDT,1598287282.0,1.3666,2086.2,,,True,77.23507575488564,0.9213779863198155,28.892793810872643,-0.9445551317690573,1.006,0.9999999526217441,0.36376817967076425,4.887121201658674,2026-03-27 03:37:08.120000
XRPUSDT,1598287283.0,1.3666,7322.4,,,True,77.35238740007324,0.92155770948128,28.913122920410366,-0.9444868359683132,1.006,0.9999999524710436,0.38000556070541497,4.892096651634452,2026-03-27 03:37:08.120000
XRPUSDT,1598287284.0,1.3666,3.7,,,True,77.46975830365209,0.921737056707589,28.93343846716073,-0.9444157652230022,1.006,0.9999999523202251,0.39627457181049386,4.897072096735776,2026-03-27 03:37:08.120000
XRPUSDT,1598287285.0,1.3666,1325.1,,,True,77.5871884351415,0.9219160286256651,28.953740459904903,-0.9443419258476737,1.006,0.9999999521692912,0.4125752024238814,4.902047536938045,2026-03-27 03:37:08.120000
XRPUSDT,1598287286.0,1.3666,3.7,,,True,77.70467776410666,0.9220946258621228,28.974028907452738,-0.9442653241654342,1.006,0.9999999520182424,0.4289074330538327,4.907022972216708,2026-03-27 03:37:08.120000
XRPUSDT,1598287287.0,1.3666,8.0,,,True,77.82222626015846,0.9222728490432605,28.99430381864259,-0.9441859665062734,1.006,0.9999999518670794,0.44527125289876157,4.911998402547331,2026-03-27 03:37:08.120000
XRPUSDT,1598287288.0,1.3666,244.4,,,True,77.93983389295346,0.922450698795059,29.014565202341135,-0.9441038592086435,1.006,0.9999999517158042,0.461666641643164,4.916973827905476,2026-03-27 03:37:08.120000
XRPUSDT,1598287289.0,1.3666,15.0,,,True,78.05750063219362,0.9226281757431775,29.034813067443256,-0.9440190086174947,1.006,0.9999999515644176,0.47809358932745816,4.921949248266863,2026-03-27 03:37:08.120000
XRPUSDT,1598287290.0,1.3666,4.4,,,True,78.17522644762651,0.9228052805129489,29.055047422871816,-0.9439314210862829,1.006,0.9999999514129201,0.494552074033904,4.926924663607233,2026-03-27 03:37:08.120000
XRPUSDT,1598287291.0,1.3666,4.1,,,True,78.29301130904477,0.9229820137293773,29.075268277577546,-0.9438411029748195,1.006,0.9999999512613135,0.5110420852891033,4.9319000739024075,2026-03-27 03:37:08.120000
XRPUSDT,1598287292.0,1.3666,574.5,,,True,78.41085518628644,0.9231583760171341,29.09547564053886,-0.9437480606505817,1.006,0.9999999511095985,0.5275636045618951,4.936875479128273,2026-03-27 03:37:08.120000
XRPUSDT,1598287293.0,1.3666,1550.2,,,True,78.52875804923448,0.9233343680005546,29.115669520761692,-0.9436523004873192,1.006,0.9999999509577763,0.5441166205493865,4.9418508792608264,2026-03-27 03:37:08.120000
XRPUSDT,1598287294.0,1.3666,121.9,,,True,78.64671986781701,0.9235099903036342,29.135849927279324,-0.9435538288670323,1.006,0.9999999508058479,0.5607011100532115,4.9468262742760745,2026-03-27 03:37:08.120000
XRPUSDT,1598287295.0,1.3666,548.9,,,True,78.76474061200682,0.9236852435500262,29.156016869152243,-0.943452652176892,1.006,0.9999999506538156,0.5773170667207137,4.951801664150155,2026-03-27 03:37:08.120000
XRPUSDT,1598287296.0,1.3666,1000.0,,,True,78.88282025182158,0.9238601283630334,29.17617035546799,-0.9433487768118625,1.006,0.9999999505016789,0.5939644686314706,4.95677704885925,2026-03-27 03:37:08.120000
XRPUSDT,1598287297.0,1.3666,1156.9,,,True,79.00095875732364,0.9240346453656123,29.19631039534094,-0.9432422091729541,1.006,0.9999999503494391,0.6106433031372578,4.961752428379615,2026-03-27 03:37:08.120000
XRPUSDT,1598287298.0,1.3666,5.5,,,True,79.11915609861985,0.9242087951803643,29.216436997912215,-0.9431329556678748,1.006,0.9999999501970982,0.6273535532317722,4.966727802687574,2026-03-27 03:37:08.120000
XRPUSDT,1598287299.0,1.3666,3.7,,,True,79.23741224586155,0.9243825784295338,29.236550172349478,-0.9430210227103463,1.006,0.9999999500446568,0.64409520516769,4.971703171759562,2026-03-27 03:37:08.120000
XRPUSDT,1598287300.0,1.3666,3.7,,,True,79.3557271692444,0.9245559957350045,29.25664992784678,-0.94290641672059,1.006,0.9999999498921157,0.6608682417550129,4.9766785355720105,2026-03-27 03:37:08.120000
XRPUSDT,1598287301.0,1.3665,3.7,,,True,79.39548494336482,0.9245559957350045,29.271268997216314,-0.3175684531558547,1.006,0.9999999496705174,,4.981653881454392,2026-03-27 03:37:08.120000
XRPUSDT,1598287302.0,1.3665,1692.9,,,True,79.51387790984988,0.9247290477182969,29.29135075218824,-0.9434124347254335,1.006,0.9999999495176565,-3616.50857541467,4.9866292363601215,2026-03-27 03:37:08.120000
XRPUSDT,1598287303.0,1.3665,3.9,,,True,79.63232960820797,0.9249017350005636,29.311419110911064,-0.9432919963738828,1.006,0.9999999493647002,0.6974361398809089,4.991604585970318,2026-03-27 03:37:08.120000
XRPUSDT,1598287304.0,1.3665,3.7,,,True,79.75083998423912,0.9250740582025867,29.331474080945643,-0.9431687086508649,1.006,0.9999999492116514,0.7154447083766919,4.996579930261654,2026-03-27 03:37:08.120000
XRPUSDT,1598287305.0,1.3665,4.1,,,True,79.86940900832903,0.9252460179447747,29.351515671587126,-0.9430427732916906,1.006,0.9999999490585083,0.7323537333325474,5.001555269210858,2026-03-27 03:37:08.120000
XRPUSDT,1598287306.0,1.3665,73.1,,,True,79.98803665090719,0.9254176148471587,29.37154389215629,-0.94291419675191,1.006,0.9999999489052751,0.7492940606402896,5.006530602794707,2026-03-27 03:37:08.120000
XRPUSDT,1598287307.0,1.3665,73.1,,,True,80.10672288244682,0.9255888495293892,29.39155875199936,-0.9427829854910372,1.006,0.9999999487519509,0.7662656838181295,5.011505930990091,2026-03-27 03:37:08.120000
XRPUSDT,1598287308.0,1.3665,3.7,,,True,80.2254676734647,0.9257597226107332,29.411560260487867,-0.9426491459749069,1.006,0.9999999485985374,0.7832685820236539,5.016481253773933,2026-03-27 03:37:08.120000
XRPUSDT,1598287309.0,1.3665,4.4,,,True,80.34427099452114,0.9259302347100707,29.431548427018488,-0.9425126846740195,1.006,0.9999999484450359,0.8003027434276389,5.021456571123269,2026-03-27 03:37:08.120000
XRPUSDT,1598287310.0,1.3665,7.4,,,True,80.46313281621977,0.9261003864458913,29.45152326101287,-0.9423736080644928,1.006,0.9999999482914478,0.8173681499986348,5.026431883015196,2026-03-27 03:37:08.120000
XRPUSDT,1598287311.0,1.3665,5.5,,,True,80.58205310920759,0.926270178436291,29.471484771917513,-0.9422319226270464,1.006,0.999999948137773,0.834464789021525,5.031407189426861,2026-03-27 03:37:08.120000
XRPUSDT,1598287312.0,1.3665,8.0,,,True,80.70103184417472,0.9264396112989699,29.491432969203572,-0.9420876348479005,1.006,0.9999999479840137,0.8515926418556005,5.036382490335521,2026-03-27 03:37:08.120000
XRPUSDT,1598287313.0,1.3665,1311.0,,,True,80.82006899185434,0.9266086856512277,29.51136786236671,-0.9419407512173512,1.006,0.9999999478301707,0.8687516976278464,5.041357785718477,2026-03-27 03:37:08.120000
XRPUSDT,1598287314.0,1.3665,244.4,,,True,80.93916452302271,0.9267774021099611,29.531289460926963,-0.9417912782312132,1.006,0.9999999476762453,0.8859419363121087,5.046333075553114,2026-03-27 03:37:08.120000
XRPUSDT,1598287315.0,1.3665,4481.2,,,True,81.05831840849886,0.9269457612916612,29.551197774428566,-0.9416392223892753,1.006,0.9999999475222373,0.9031633463789676,5.051308359816921,2026-03-27 03:37:08.120000
XRPUSDT,1598287316.0,1.3665,747.7,,,True,81.17753061914469,0.92711376381241,29.571092812439787,-0.941484590196378,1.006,0.9999999473681502,0.9204159092861558,5.056283638487385,2026-03-27 03:37:08.120000
XRPUSDT,1598287317.0,1.3665,2432.8,,,True,81.29680112586476,0.9272814102878764,29.5909745845528,-0.9413273881611933,1.006,0.9999999472139829,0.9376996131132711,5.061258911542146,2026-03-27 03:37:08.120000
XRPUSDT,1598287318.0,1.3665,1000.0,,,True,81.41612989960618,0.927448701333315,29.61084310038352,-0.9411676227974012,1.006,0.9999999470597379,0.9550144382994824,5.0662341789588705,2026-03-27 03:37:08.120000
XRPUSDT,1598287319.0,1.3665,802.5,,,True,81.53551691135858,0.9276156375635616,29.63069836957144,-0.9410053006218766,1.006,0.9999999469054146,0.972360375485007,5.071209440715335,2026-03-27 03:37:08.120000
XRPUSDT,1598287320.0,1.3665,3.7,,,True,81.65496213215401,0.9277822195930304,29.650540401779473,-0.9408404281567879,1.006,0.9999999467510154,0.9897374021338246,5.076184696789368,2026-03-27 03:37:08.120000
XRPUSDT,1598287321.0,1.3664,1932.3,,,True,81.69506892447825,0.9277822195930304,29.665065800748355,-0.31664122051507915,1.006,0.999999946524873,,5.081159934782351,2026-03-27 03:37:08.120000
XRPUSDT,1598287322.0,1.3664,3.7,,,True,81.81459144447602,0.9279484480357116,29.68489007015397,-0.9412828177404712,1.006,0.9999999463702013,-3757.729947715976,5.086135181772165,2026-03-27 03:37:08.120000
XRPUSDT,1598287323.0,1.3664,3.9,,,True,81.93417214181851,0.9281143235051679,29.704701126776037,-0.941112434503884,1.006,0.9999999462154575,1.0271756103881935,5.091110423045327,2026-03-27 03:37:08.120000
XRPUSDT,1598287324.0,1.3664,1141.9,,,True,82.05381095247614,0.9282798466145311,29.724498977990628,-0.9409392434829136,1.006,0.9999999460606431,1.0463253236162684,5.0960856585798435,2026-03-27 03:37:08.120000
XRPUSDT,1598287325.0,1.3664,5294.3,,,True,82.17350784766253,0.9284450179765004,29.744283633550445,-0.9407635280497704,1.006,0.999999945905759,1.0638371631028853,5.101060888353801,2026-03-27 03:37:08.120000
XRPUSDT,1598287326.0,1.3664,5934.9,,,True,82.2932627986333,0.9286098382033386,29.76405510323088,-0.9405852947508057,1.006,0.9999999457508068,1.081380012536898,5.106036112345357,2026-03-27 03:37:08.120000
XRPUSDT,1598287327.0,1.3664,245.9,,,True,82.41307577668573,0.9287743079068687,29.783813396829867,-0.9404045501345858,1.006,0.999999945595787,1.0989538640889025,5.111011330532713,2026-03-27 03:37:08.120000
XRPUSDT,1598287328.0,1.3664,15.0,,,True,82.53294675315895,0.9289384276984722,29.803558524167705,-0.9402213007532702,1.006,0.9999999454407017,1.1165587009656333,5.115986542894216,2026-03-27 03:37:08.120000
XRPUSDT,1598287329.0,1.3664,4.4,,,True,82.65287569943352,0.9291021981890856,29.82329049508694,-0.9400355531619653,1.006,0.9999999452855504,1.1341945097020276,5.120961749408242,2026-03-27 03:37:08.120000
XRPUSDT,1598287330.0,1.3664,3.7,,,True,82.77286258693158,0.9292656199891971,29.843009319452197,-0.9398473139192035,1.006,0.999999945130335,1.1518612733021119,5.125936950053245,2026-03-27 03:37:08.120000
XRPUSDT,1598287331.0,1.3664,3.7,,,True,82.89290738711664,0.9294286937088436,29.862715007150012,-0.9396565895863686,1.006,0.9999999449750572,1.1695589776719997,5.130912144807737,2026-03-27 03:37:08.120000
XRPUSDT,1598287332.0,1.3664,7.4,,,True,83.0130100714935,0.9295914199576119,29.882407568088727,-0.9394633867280164,1.006,0.9999999448197168,1.1872876061150557,5.135887333650354,2026-03-27 03:37:08.120000
XRPUSDT,1598287333.0,1.3664,741.5,,,True,83.13317061160815,0.9297537993446287,29.90208701219829,-0.9392677119108357,1.006,0.9999999446643159,1.2050471477670033,5.140862516559768,2026-03-27 03:37:08.120000
XRPUSDT,1598287334.0,1.3664,8.0,,,True,83.25338897904773,0.9299158324785629,29.921753349430144,-0.9390695717052675,0.149,0.9999999445088551,1.2228375811615058,5.1458268697608744,2026-03-27 03:37:08.269000
XRPUSDT,1598287335.0,1.3664,4.1,,,True,83.37349213822242,0.9300775199676217,29.94139536187744,-0.9375213412703517,0.149,0.9999999443554012,9.57544980090056,5.150791229746271,2026-03-27 03:37:08.269000
XRPUSDT,1598287336.0,1.3664,352.6,,,True,83.49365310399983,0.9302388624195476,29.961024337745933,-0.9373204549013199,0.149,0.9999999442031283,1.2450930715003932,5.155755596495482,2026-03-27 03:37:08.269000
XRPUSDT,1598287337.0,1.3665,3.7,,,False,83.69388754311669,0.9305605146406305,29.985805539881532,-1.5578273156329263,0.011,0.9999999441256961,-1929.123506881098,5.1607182283337,2026-03-27 03:37:08.280000
XRPUSDT,1598287338.0,1.3665,1.3,,,False,83.81417469299083,0.9307208256229247,30.005398127828187,-0.9358869584187899,0.011,0.9999999439762074,3879.5867152308465,5.165680868779176,2026-03-27 03:37:08.280000
XRPUSDT,1598287339.0,1.3665,2.6,,,False,83.93451955276716,0.9308807939943551,30.024977724640756,-0.9356774239818794,0.838,0.9999999438280713,1.3098491597864939,5.170653949022433,2026-03-27 03:37:09.118000
XRPUSDT,1598287340.0,1.3665,3.9,,,False,84.05508939462449,0.9310404203603003,30.044555059372687,-0.9367625547188967,0.838,0.9999999436793328,-6.797941747227178,5.175627025602586,2026-03-27 03:37:09.118000
XRPUSDT,1598287341.0,1.3665,18.4,,,False,84.17571685432787,0.9311997053256584,30.064119374659587,-0.9365460795861427,0.838,0.9999999435307553,1.3590430978048607,5.180600098472236,2026-03-27 03:37:09.118000
XRPUSDT,1598287342.0,1.3665,7.7,,,False,84.29640190346728,0.9313586494948435,30.0836706805918,-0.9363271968485813,0.068,0.9999999433823389,1.377104543586555,5.185563462281876,2026-03-27 03:37:09.186000
XRPUSDT,1598287343.0,1.3664,5.0,,,True,84.33674200703136,0.9313586494948449,30.098085045738205,-0.31370898142870085,4.816,0.9999999431615221,,5.190586607248198,2026-03-27 03:37:14.002000
XRPUSDT,1598287344.0,1.3664,7.1,,,True,84.45830841341208,0.9315172534717859,30.117670133548227,-0.942930740321632,4.167,0.9999999430050847,-3967.250828312895,5.195601582811229,2026-03-27 03:37:18.169000
XRPUSDT,1598287345.0,1.3664,18.9,,,True,84.579801027636,0.9316755178599228,30.13723367226845,-0.941681688748152,13.794,0.999999942844565,7.892183378615112,5.200737786722209,2026-03-27 03:37:31.963000
XRPUSDT,1598287346.0,1.3665,282.9,,,False,84.78366179282985,0.9319910302810852,30.161995484909237,-1.5758337805178528,4.69,0.9999999427307116,-2009.9116523947519,5.2057591812526605,2026-03-27 03:37:36.653000
XRPUSDT,1598287347.0,1.3665,3.7,,,False,84.90541329219647,0.9321482795185249,30.181530516265404,-0.9411830324920276,4.625,0.9999999425452365,4035.9543763727133,5.210779622865438,2026-03-27 03:37:41.278000
XRPUSDT,1598287348.0,1.3665,27.6,,,False,85.027208586178,0.932305191575983,30.201051529873116,-0.9408359589535297,4.625,0.9999999423543622,2.2118984615984236,5.215800003163618,2026-03-27 03:37:41.278000
XRPUSDT,1598287349.0,1.3665,400.0,,,False,85.14906107887943,0.9324617670544186,30.220559386117408,-0.9405901837230876,4.625,0.999999942158003,1.5696917096962637,5.220820322158368,2026-03-27 03:37:41.278000
XRPUSDT,1598287350.0,1.3665,768.7,,,False,85.2709707412874,0.9326180065542865,30.240054095828725,-0.9403420218487994,0.001,0.9999999419561417,1.5883427334187308,5.225782417942565,2026-03-27 03:37:41.279000
XRPUSDT,1598287351.0,1.3665,200.0,,,False,85.39199974291915,0.9327739106755357,30.25947699897804,-0.9328791239053412,0.001,0.9999999417605901,47.86850972033356,5.230744523313356,2026-03-27 03:37:41.280000
XRPUSDT,1598287352.0,1.3665,2854.1,,,False,85.51308610394977,0.9329294800176063,30.278887046270043,-0.9326387979451207,0.001,0.9999999415666928,1.544815688115535,5.235706638243611,2026-03-27 03:37:41.281000
XRPUSDT,1598287353.0,1.3665,564.2,,,False,85.63422979715027,0.9330847151794273,30.29828424790824,-0.9323961484458304,0.005,0.9999999413744407,1.5631091335494884,5.2406688129793215,2026-03-27 03:37:41.286000
XRPUSDT,1598287354.0,1.3665,185.4,,,False,85.75543160710014,0.9332396167594139,30.317668664574864,-0.9321574113989353,0.032,0.9999999411838107,1.5412176358414875,5.24563133641348,2026-03-27 03:37:41.318000
XRPUSDT,1598287355.0,1.3665,3.9,,,False,85.87669617530221,0.9333941853554663,30.337040595768457,-0.9319521505059143,0.032,0.9999999409947296,1.3279598719488253,5.250593868853737,2026-03-27 03:37:41.318000
XRPUSDT,1598287356.0,1.3665,3.9,,,False,85.99801799257185,0.933548421564965,30.35639971024806,-0.9317024853144482,0.032,0.9999999408072139,1.6187197045200825,5.255556410273354,2026-03-27 03:37:41.318000
XRPUSDT,1598287357.0,1.3665,3.8,,,False,86.11939703181937,0.9337023259847711,30.37574601829433,-0.9314505223952693,0.032,0.9999999406212527,1.6371389430944439,5.26051896064574,2026-03-27 03:37:41.318000
XRPUSDT,1598287358.0,1.3665,3.8,,,False,86.24083326599421,0.9338558992112218,30.395079530205845,-0.9311962682875383,0.032,0.999999940436836,1.6555887611865043,5.265481519944348,2026-03-27 03:37:41.318000
XRPUSDT,1598287359.0,1.3665,3.7,,,False,86.36232666808405,0.9340091418401294,30.414400256298922,-0.9309397295259358,0.032,0.9999999402539542,1.6740691766465057,5.2704440881427965,2026-03-27 03:37:41.318000
XRPUSDT,1598287360.0,1.3665,3.8,,,False,86.48387721111503,0.9341620544667785,30.433708206907486,-0.9306809126463391,0.032,0.9999999400725966,1.692580169920822,5.27540666521481,2026-03-27 03:37:41.318000
XRPUSDT,1598287361.0,1.3665,3.9,,,False,86.60548486815144,0.9343146376859236,30.453003392382943,-0.9304198241840532,0.032,0.9999999398927535,1.7111217324466126,5.28036925113414,2026-03-27 03:37:41.318000
XRPUSDT,1598287362.0,1.3666,3.7,,,False,86.80812315355122,0.9346188182780559,30.47722790641804,-1.546128729912744,0.264,0.9999999397916689,-2024.1557865757372,5.2853347576067975,2026-03-27 03:37:41.582000
XRPUSDT,1598287363.0,1.3666,1.3,,,False,86.92993025536927,0.9347704168378821,30.496492132669,-0.9294011158735063,0.264,0.9999999396144185,4068.1627500053123,5.290300265245782,2026-03-27 03:37:41.582000
XRPUSDT,1598287364.0,1.3666,6.1,,,False,87.05179434391351,0.9349216883638771,30.515743618956087,-0.929130953503345,0.578,0.9999999394383126,1.785943312095485,5.295269711337628,2026-03-27 03:37:42.160000
XRPUSDT,1598287365.0,1.3666,3.9,,,False,87.1737793130688,0.9350726334481118,30.534986247645712,-0.9293444462203848,0.578,0.999999939262599,-1.4143734333739246,5.300239157757435,2026-03-27 03:37:42.160000
XRPUSDT,1598287366.0,1.3666,3.9,,,False,87.29582121207352,0.9352232526821135,30.554216140410983,-0.9290690405935915,0.578,0.9999999390875621,1.8284890944946341,5.305208604475911,2026-03-27 03:37:42.160000
XRPUSDT,1598287367.0,1.3666,472.5,,,False,87.41792001391966,0.9353735466568639,30.5734333077955,-0.9287914035951229,0.578,0.9999999389131972,1.847292939917702,5.31017805147086,2026-03-27 03:37:42.160000
XRPUSDT,1598287368.0,1.3665,3.7,,,True,87.45887394852355,0.9353735466568639,30.587745620589434,-0.31229491349658695,1.178,0.9999999386613665,,5.31515499179827,2026-03-27 03:37:43.338000
XRPUSDT,1598287369.0,1.3665,3.9,,,True,87.58117047691687,0.9355235159627971,30.606953007142273,-0.9300143085445061,1.178,0.9999999384867873,-4118.972153694286,5.32013194128779,2026-03-27 03:37:43.338000
XRPUSDT,1598287370.0,1.3665,3.9,,,True,87.70352388143138,0.9356731611897973,30.626147662098113,-0.9297303536189554,1.178,0.999999938312003,1.8975207645643446,5.325108881694225,2026-03-27 03:37:43.338000
XRPUSDT,1598287371.0,1.3665,3.9,,,True,87.82593406268543,0.9358224829271964,30.645329591776843,-0.9294436331268678,1.178,0.9999999381370164,1.920152397645768,5.330085812999539,2026-03-27 03:37:43.338000
XRPUSDT,1598287372.0,1.3665,3.9,,,True,87.94840099371717,0.935971481763772,30.66449880687978,-0.9291547033056189,1.178,0.9999999379618303,1.9391414583452542,5.335062735185738,2026-03-27 03:37:43.338000
XRPUSDT,1598287373.0,1.3665,3.9,,,True,88.07092464760277,0.9361201582877461,30.683655318124067,-0.9288635707660182,1.178,0.9999999377864458,1.958160789738294,5.340039648234911,2026-03-27 03:37:43.338000
XRPUSDT,1598287374.0,1.3665,3.9,,,True,88.19350499745606,0.9362685130867817,30.702799136242536,-0.9285702421164801,1.178,0.9999999376108653,1.977210386484861,5.345016552129209,2026-03-27 03:37:43.338000
XRPUSDT,1598287375.0,1.3665,7323.0,,,True,88.31614201642833,0.9364165467479818,30.721930271983563,-0.9282747239632314,1.178,0.9999999374350904,1.9962902413745973,5.349993446850867,2026-03-27 03:37:43.338000
XRPUSDT,1598287376.0,1.3665,38.8,,,True,88.43883567770843,0.9365642598578867,30.741048736110947,-0.9279770229126576,1.178,0.9999999372591232,2.0154003308538173,5.354970332382195,2026-03-27 03:37:43.338000
XRPUSDT,1598287377.0,1.3665,3.8,,,True,88.56158595452251,0.9367116530024721,30.76015453940375,-0.9276771455684831,1.178,0.9999999370829654,2.0345406498932808,5.359947208705589,2026-03-27 03:37:43.338000
XRPUSDT,1598287378.0,1.3665,3.7,,,True,88.6843928201341,0.9368587267671473,30.779247692656213,-0.9273750985346273,1.178,0.9999999369066191,2.053711173592015,5.364924075803496,2026-03-27 03:37:43.338000
XRPUSDT,1598287379.0,1.3665,3.9,,,True,88.80725624784388,0.9370054817367522,30.79832820667757,-0.9270708884123462,1.178,0.9999999367300866,2.0729118959314343,5.369900933658437,2026-03-27 03:37:43.338000
XRPUSDT,1598287380.0,1.3665,3.9,,,True,88.93017621098973,0.9371519184955591,30.817396092291965,-0.9267645218018558,1.178,0.9999999365533686,2.0921427992986152,5.374877782253053,2026-03-27 03:37:43.338000
XRPUSDT,1598287381.0,1.3665,3.7,,,True,89.05315268294652,0.9372980376272645,30.836451360338287,-0.9264560053021802,1.178,0.9999999363764692,2.1114038666589177,5.37985462156998,2026-03-27 03:37:43.338000
XRPUSDT,1598287382.0,1.3665,13.7,,,False,89.17618563712617,0.9374438397149917,30.855494021670072,-0.9261453455101545,0.716,0.9999999361993877,2.130695087212982,5.3848256955964295,2026-03-27 03:37:44.054000
XRPUSDT,1598287383.0,1.3664,3.7,,,True,89.2174113586201,0.9374438397149917,30.86973987165213,-0.3111027039115903,4.448,0.9999999359426875,,5.389843197483992,2026-03-27 03:37:48.502000
XRPUSDT,1598287384.0,1.3664,1.3,,,True,89.34118570851497,0.9375893253412877,30.88880445633022,-0.9314015824194689,4.448,0.9999999357582393,-4263.643731001802,5.394860708491797,2026-03-27 03:37:48.502000
XRPUSDT,1598287385.0,1.3665,4.5,,,False,89.54686142109534,0.9378793495368796,30.912618446779746,-1.5433222944462381,1.492,0.9999999356496378,-2109.895385721088,5.399841372355966,2026-03-27 03:37:49.994000
XRPUSDT,1598287386.0,1.3664,2.6,,,True,89.58830110273792,0.9378793495368796,30.926860358554777,-0.3119730444432581,0.459,0.9999999353813389,,5.404809141108982,2026-03-27 03:37:50.453000
XRPUSDT,1598287387.0,1.3664,4.3,,,True,89.71143092959258,0.9380238892683698,30.945839605758223,-0.9243333500769183,0.459,0.9999999351956657,-4236.622687203315,5.409776919159138,2026-03-27 03:37:50.453000
XRPUSDT,1598287388.0,1.3664,28.1,,,True,89.83461718057022,0.9381681148628136,30.964806345385476,-0.9240137476559335,0.459,0.9999999350109,2.215989625262491,5.414744699296714,2026-03-27 03:37:50.453000
XRPUSDT,1598287389.0,1.3664,50.4,,,True,89.95785979809645,0.9383120268998474,30.983760586436105,-0.9236918110238578,2.731,0.9999999348270382,2.237037559270359,5.41974072890462,2026-03-27 03:37:53.184000
XRPUSDT,1598287390.0,1.3665,695.8,,,False,90.16365487567145,0.938598912617288,31.00745035411688,-1.5380069682147526,2.399,0.999999934720448,-2141.3235997642287,5.424732625705813,2026-03-27 03:37:55.583000
XRPUSDT,1598287391.0,1.3665,844.6,,,False,90.28744341719513,0.9387418874540225,31.02639414989882,-0.9250991981721952,2.399,0.9999999345307758,4286.822660833442,5.429724455902202,2026-03-27 03:37:55.583000
XRPUSDT,1598287392.0,1.3665,7.3,,,False,90.41128791649896,0.9388845510459948,31.04532537129912,-0.9247624753854509,3.382,0.999999934339195,2.360257316455885,5.434728461276424,2026-03-27 03:37:58.965000
XRPUSDT,1598287393.0,1.3664,300.1,,,True,90.45324328327388,0.9388845510459948,31.05955866841254,-0.31407332614425826,2.049,0.9999999340613317,,5.439715856092718,2026-03-27 03:38:01.014000
XRPUSDT,1598287394.0,1.3664,661.0,,,True,90.57709054903765,0.9390269039698849,31.078468807955176,-0.9244464918955212,2.724,0.9999999338651472,-4287.745899919404,5.444711637032267,2026-03-27 03:38:03.738000
XRPUSDT,1598287395.0,1.3664,7.4,,,True,90.70113170164966,0.9391689468017752,31.09737427987622,-0.9251325449289307,2.724,0.9999999336660085,-4.829902532069682,5.4497073841413295,2026-03-27 03:38:03.738000
XRPUSDT,1598287396.0,1.3664,3.9,,,True,90.82522887315042,0.9393106801171498,31.116267205530306,-0.9247891820256711,2.724,0.9999999334644968,2.4225984014567086,5.454703097342402,2026-03-27 03:38:03.738000
XRPUSDT,1598287397.0,1.3664,3.9,,,True,90.94938203571837,0.9394521044908922,31.13514759612295,-0.924443748404621,2.724,0.9999999332606162,2.4425324426695836,5.459698776630292,2026-03-27 03:38:03.738000
XRPUSDT,1598287398.0,1.3664,3.9,,,True,91.07359116275545,0.9395932204972842,31.154015462940052,-0.9240962595742324,2.724,0.9999999330543718,2.4624338462593465,5.464694421999846,2026-03-27 03:38:03.738000
XRPUSDT,1598287399.0,1.3664,3.9,,,True,91.19785622770014,0.9397340287100032,31.172870817279986,-0.9237467222000608,2.724,0.9999999328457675,2.4823649659489617,5.46969003344599,2026-03-27 03:38:03.738000
XRPUSDT,1598287400.0,1.3664,3.9,,,True,91.32217720402758,0.9398745297021217,31.191713670453453,-0.923395142946013,2.724,0.999999932634807,2.5023257754033343,5.474685610963684,2026-03-27 03:38:03.738000
XRPUSDT,1598287401.0,1.3664,3.8,,,True,91.44655406524913,0.9400147240461053,31.2105440337834,-0.9230415284715274,2.724,0.9999999324214972,2.5223162678155235,5.4796811545479605,2026-03-27 03:38:03.738000
XRPUSDT,1598287402.0,1.3664,3.7,,,True,91.57098678491279,0.9401546123138101,31.229361918604834,-0.9226858854339657,2.724,0.9999999322058409,2.542336418892228,5.484676664193924,2026-03-27 03:38:03.738000
XRPUSDT,1598287403.0,1.3664,3.9,,,True,91.69547533660275,0.940294195076482,31.24816733626477,-0.9223282204863499,2.724,0.9999999319878433,2.562386219969907,5.489672139896697,2026-03-27 03:38:03.738000
XRPUSDT,1598287404.0,1.3664,432.2,,,True,91.82001969393947,0.9404334729047552,31.26696029812204,-0.9219685402788994,2.724,0.9999999317675097,2.5824656509220842,5.494667581651513,2026-03-27 03:38:03.738000
XRPUSDT,1598287405.0,1.3664,13.7,,,True,91.94461983057961,0.9405724463686497,31.285740815547218,-0.9216068514580447,2.724,0.9999999315448439,2.6025746982129387,5.499662989453623,2026-03-27 03:38:03.738000
XRPUSDT,1598287406.0,1.3664,3.9,,,True,92.06927572021588,0.94071111603757,31.304508899922453,-0.9212431606665932,3.376,0.9999999313198518,2.622713346640704,5.504666417674272,2026-03-27 03:38:07.114000
XRPUSDT,1598287407.0,1.3664,3.9,,,True,92.19412041295544,0.9408494824803044,31.323271948943653,-0.921857744646313,3.376,0.9999999310909782,-4.441712654991462,5.509669801471539,2026-03-27 03:38:07.114000
XRPUSDT,1598287408.0,1.3664,3.7,,,True,92.3190207540659,0.9409875462650218,31.342022552264773,-0.9214880119097256,3.376,0.9999999308587901,2.6779849425701445,5.514673140759382,2026-03-27 03:38:07.114000
XRPUSDT,1598287409.0,1.3664,3.8,,,True,92.44397671568251,0.9411253079592712,31.360760721321665,-0.9211162823852976,3.376,0.99999993062329,2.6983518637266104,5.519676435538648,2026-03-27 03:38:07.114000
XRPUSDT,1598287410.0,1.3664,3.9,,,True,92.56898827141107,0.9412627681299804,31.379486467641012,-0.9207425733192235,3.376,0.9999999303844805,2.7186716279043295,5.524679685810293,2026-03-27 03:38:07.114000
XRPUSDT,1598287411.0,1.3664,3.9,,,True,92.69405539489351,0.9413999273434537,31.398199802760395,-0.9203668913782153,3.376,0.9999999301423645,2.7390208174497666,5.529682891575258,2026-03-27 03:38:07.114000
XRPUSDT,1598287412.0,1.3664,3.9,,,True,92.81917805980798,0.9415367861653703,31.416900738228193,-0.9199892432258044,3.376,0.9999999298969448,2.7593994097138053,5.5346860528346085,2026-03-27 03:38:07.114000
XRPUSDT,1598287413.0,1.3664,3.9,,,True,92.9443562398686,0.9416733451607835,31.435589285603445,-0.9196096355200283,3.376,0.9999999296482238,2.7798073984619838,5.539689169589405,2026-03-27 03:38:07.114000
XRPUSDT,1598287414.0,1.3664,4.1,,,True,93.06958990882544,0.9418096048941187,31.454265456455754,-0.9192280749161708,3.376,0.9999999293962049,2.800244756966364,5.544692241840789,2026-03-27 03:38:07.114000
XRPUSDT,1598287415.0,1.3665,207.6,,,False,93.27784665289867,0.9420812288291093,31.47744869734162,-1.524077784047741,2.303,0.9999999292273896,-2226.7909091020965,5.549682088522275,2026-03-27 03:38:09.417000
XRPUSDT,1598287416.0,1.3665,44.6,,,False,93.4030097122422,0.9422165941564632,31.496080309526324,-0.9159353878817275,3.942,0.9999999289716579,4492.600934477051,5.554692026636041,2026-03-27 03:38:13.359000
XRPUSDT,1598287417.0,1.3664,293.3,,,True,93.44552097781674,0.9422165941564632,31.510214254994015,-0.3119385048056143,0.796,0.9999999286233126,,5.55966323076553,2026-03-27 03:38:14.155000
XRPUSDT,1598287418.0,1.3665,5.0,,,False,93.65352853406343,0.9424864343403845,31.533308140268634,-1.5183159579243828,0.725,0.9999999284525095,-4470.710905943742,5.564633580147253,2026-03-27 03:38:14.880000
XRPUSDT,1598287419.0,1.3665,4.4,,,False,93.77853529780154,0.9426209103188444,31.55188555545659,-0.9124247723685104,1.413,0.9999999281956615,4505.571868631796,5.569612366240493,2026-03-27 03:38:16.293000
XRPUSDT,1598287420.0,1.3664,282.0,,,True,93.82058472067375,0.9426209103188444,31.5659784956793,-0.30776390498025824,0.55,0.9999999278503084,,5.5745805389697995,2026-03-27 03:38:16.843000
XRPUSDT,1598287421.0,1.3664,5.0,,,True,93.9456295196262,0.9427550909685032,31.584537515934315,-0.9123170748845749,3.759,0.9999999275943204,-4505.516789803909,5.579588117527621,2026-03-27 03:38:20.602000
XRPUSDT,1598287422.0,1.3664,19.9,,,True,94.07138466291326,0.9428889768487115,31.603119563911104,-0.9166907101235777,1.403,0.999999927331661,-32.66688938517362,5.584566734180266,2026-03-27 03:38:22.005000
XRPUSDT,1598287423.0,1.3664,3.9,,,True,94.19671429767743,0.9430225685181793,31.621663562740153,-0.9127981776408143,2.913,0.999999927070903,29.137539026724912,5.589563859870245,2026-03-27 03:38:24.918000
XRPUSDT,1598287424.0,1.3664,3.9,,,True,94.32240744860692,0.9431558665349749,31.64021187703094,-0.9146403537172854,2.913,0.9999999268062992,-13.819981127679357,5.594560948593344,2026-03-27 03:38:24.918000
XRPUSDT,1598287425.0,1.3664,3.9,,,True,94.44815584596132,0.9432888714565225,31.65874796677053,-0.9142392957519753,2.913,0.9999999265391772,3.015361842579404,5.5995580001735785,2026-03-27 03:38:24.918000
XRPUSDT,1598287426.0,1.3664,3.9,,,True,94.57395946117886,0.9434215838396021,31.677271843421003,-0.9138363457250933,2.913,0.9999999262695431,3.0362654752452696,5.604555014609324,2026-03-27 03:38:24.918000
XRPUSDT,1598287427.0,1.3664,3.9,,,True,94.69981826863098,0.9435540042403461,31.695783518608806,-0.9134315312575026,2.913,0.9999999259974025,3.057040043046077,5.609551991898961,2026-03-27 03:38:24.918000
XRPUSDT,1598287428.0,1.3664,3.9,,,True,94.8257322427239,0.943686133214243,31.714283003969364,-0.91302485890938,2.913,0.9999999257227606,3.077843837945135,5.614548932040994,2026-03-27 03:38:24.918000
XRPUSDT,1598287429.0,1.3664,3.7,,,True,94.95170135789846,0.9438179713161295,31.732770311146922,-0.9126163352343247,2.913,0.9999999254456241,3.098676856003497,5.619545835033998,2026-03-27 03:38:24.918000
XRPUSDT,1598287430.0,1.3664,3.8,,,True,95.07772558863026,0.9439495191001932,31.751245451794503,-0.9122059667822952,2.913,0.9999999251659973,3.119539070540286,5.624542700876611,2026-03-27 03:38:24.918000
XRPUSDT,1598287431.0,1.3664,3.9,,,True,95.20380490942921,0.9440807771199702,31.76970843757373,-0.9117937600967306,2.913,0.9999999248838883,3.1404304762855357,5.629539529567527,2026-03-27 03:38:24.918000
XRPUSDT,1598287432.0,1.3664,3.9,,,True,95.32993929483997,0.9442117459283446,31.788159280154748,-0.9113797217167239,2.913,0.9999999245993014,3.1613510510320757,5.634536321105495,2026-03-27 03:38:24.918000
XRPUSDT,1598287433.0,1.3664,3.7,,,True,95.45612871944145,0.944342426077546,31.806597991216098,-0.9109638581751229,2.913,0.9999999243122426,3.1823007866311928,5.639533075489376,2026-03-27 03:38:24.918000
XRPUSDT,1598287434.0,1.3664,3.7,,,True,95.58237315784696,0.9444728181191498,31.825024582444605,-0.9105461760006414,2.913,0.9999999240227195,3.203279658360407,5.644529792718067,2026-03-27 03:38:24.918000
XRPUSDT,1598287435.0,1.3663,3.7,,,True,95.62496483673867,0.9444728181191498,31.839067159914936,-0.3080708869390357,0.69,0.999999923639004,,5.649499344920897,2026-03-27 03:38:25.608000
XRPUSDT,1598287436.0,1.3663,7.4,,,True,95.75082867036484,0.9446029226040749,31.85745366137576,-0.9073917000473579,0.69,0.9999999233498021,-4606.457751658338,5.654468907596816,2026-03-27 03:38:25.608000
XRPUSDT,1598287437.0,1.3663,4.1,,,True,95.87674772890834,0.944732740082582,31.875828187702947,-0.9069775102289777,0.69,0.999999923061688,3.190555102003724,5.6594384695603,2026-03-27 03:38:25.608000
XRPUSDT,1598287438.0,1.3663,562.5,,,True,96.00272192567513,0.9448622711042743,31.89419074701963,-0.9065610850655337,0.69,0.9999999227746583,3.2148682068847956,5.664408030789931,2026-03-27 03:38:25.608000
XRPUSDT,1598287439.0,1.3663,3.9,,,True,96.12875123615581,0.9449915162180956,31.912541350706782,-0.906142878253032,0.69,0.9999999224887084,3.2357649750688937,5.669377591264339,2026-03-27 03:38:25.608000
XRPUSDT,1598287440.0,1.3663,3374.3,,,True,96.25483563587366,0.9451204759723253,31.930880010153512,-0.9057228961587657,0.69,0.9999999222038344,3.2566911807102366,5.674347150962292,2026-03-27 03:38:25.608000
XRPUSDT,1598287441.0,1.3663,3949.4,,,True,96.38097510038445,0.9452491509145842,31.94920673675691,-0.9053011451433507,0.69,0.9999999219200313,3.277646820827511,5.679316709862572,2026-03-27 03:38:25.608000
XRPUSDT,1598287442.0,1.3663,3.9,,,True,96.50716960527635,0.9453775415918287,31.967521541921943,-0.9048776315621061,0.69,0.9999999216372953,3.298631881486547,5.684286267944151,2026-03-27 03:38:25.608000
XRPUSDT,1598287443.0,1.3663,3.9,,,True,96.63341912616991,0.9455056485503507,31.985824437061368,-0.9044523617648933,0.69,0.9999999213556222,3.3196463495771105,5.689255825186018,2026-03-27 03:38:25.608000
XRPUSDT,1598287444.0,1.3663,73.1,,,True,96.75972363871789,0.945633472335776,32.00411543359561,-0.9040253420958003,0.69,0.999999921075008,3.3406902140486325,5.694225381567264,2026-03-27 03:38:25.608000
XRPUSDT,1598287445.0,1.3663,17.3,,,True,96.8860831186053,0.9457610134930647,32.02239454295267,-0.903596578893694,0.69,0.9999999207954482,3.3617634591128716,5.699194937067113,2026-03-27 03:38:25.608000
XRPUSDT,1598287446.0,1.3663,3.9,,,True,97.01249754154937,0.9458882725665085,32.040661776567994,-0.9031660784916637,0.69,0.9999999205169396,3.3828660729674773,5.7041644916648,2026-03-27 03:38:25.608000
XRPUSDT,1598287447.0,1.3663,3.9,,,True,97.13896688329926,0.9460152500997299,32.05891714588442,-0.9027338472167111,0.69,0.9999999202394764,3.403998045852879,5.70913404533972,2026-03-27 03:38:25.608000
XRPUSDT,1598287448.0,1.3663,3.9,,,True,97.26549111963625,0.946141946635682,32.07716066235202,-0.9022998913908253,0.69,0.9999999199630553,3.425159359130884,5.714103598071334,2026-03-27 03:38:25.608000
XRPUSDT,1598287449.0,1.3663,3.7,,,True,97.39207022637348,0.9462683627166465,32.09539233742801,-0.901864217329353,0.69,0.999999919687672,3.4463500066468487,5.719073149839153,2026-03-27 03:38:25.608000
XRPUSDT,1598287450.0,1.3663,3.9,,,True,97.51870417935598,0.9463944988842337,32.113612182576645,-0.9014268313426936,0.69,0.999999919413324,3.4675699684396264,5.724042700622861,2026-03-27 03:38:25.608000
XRPUSDT,1598287451.0,1.3663,3.9,,,True,97.6453929544606,0.9465203556793796,32.13182020926918,-0.9009877397345298,0.69,0.9999999191400054,3.4888192382023284,5.729012250402125,2026-03-27 03:38:25.608000
XRPUSDT,1598287452.0,1.3662,3.7,,,True,97.6878047716124,0.9465203556793796,32.145765306521454,-0.3024973388095878,0.002,0.9999999187713701,,5.73397346903943,2026-03-27 03:38:25.610000
XRPUSDT,1598287453.0,1.3662,3.7,,,True,97.81442630180803,0.9466459336423474,32.163950258435165,-0.9000718256312883,0.002,0.9999999185014433,-4758.593567688069,5.738934697965192,2026-03-27 03:38:25.610000
XRPUSDT,1598287454.0,1.3662,4.4,,,True,97.94110266579791,0.946771233312724,32.18212345176378,-0.8996309573422989,0.002,0.9999999182335785,3.5185111633929878,5.74389593711999,2026-03-27 03:38:25.610000
XRPUSDT,1598287455.0,1.3662,7.4,,,True,98.06783383958583,0.9468962552294209,32.20028489788533,-0.8991884039932734,0.002,0.9999999179677633,3.5398061453361342,5.748857186477251,2026-03-27 03:38:25.610000
XRPUSDT,1598287456.0,1.3662,3.7,,,True,98.19461979940237,0.9470209999306718,32.21843460819443,-0.8987441732159339,0.002,0.9999999177039856,3.5611194133686954,5.753818446010569,2026-03-27 03:38:25.610000
XRPUSDT,1598287457.0,1.3662,4.1,,,True,98.32146052150908,0.9471454679540332,32.236572594092195,-0.8982982712464205,0.002,0.9999999174422336,3.582462045040222,5.758779715693532,2026-03-27 03:38:25.610000
XRPUSDT,1598287458.0,1.3662,5.5,,,True,98.44835598219854,0.9472696598363813,32.25469886698627,-0.897850704315048,0.002,0.9999999171824946,3.6038340261070343,5.763740995499916,2026-03-27 03:38:25.610000
XRPUSDT,1598287459.0,1.3662,3.9,,,True,98.57530615779402,0.9473935761139135,32.27281343829062,-0.8974014786455888,0.002,0.9999999169247569,3.625235347652728,5.768702285403486,2026-03-27 03:38:25.610000
XRPUSDT,1598287460.0,1.3662,73.1,,,True,98.70231102464972,0.9475172173221449,32.290916319425506,-0.8969506004561411,0.002,0.9999999166690084,3.6466659934606724,5.77366358537816,2026-03-27 03:38:25.610000
XRPUSDT,1598287461.0,1.3662,2334.6,,,True,98.82937055915046,0.9476405839959097,32.30900752181732,-0.8964980759578043,0.002,0.9999999164152378,3.6681259575790106,5.7786248953979324,2026-03-27 03:38:25.610000
XRPUSDT,1598287462.0,1.3662,618.0,,,True,98.95648473771185,0.9477636766693589,32.327087056898534,-0.8960439113561016,0.006,0.9999999161634329,3.6896152222250715,5.78358626365097,2026-03-27 03:38:25.616000
XRPUSDT,1598287463.0,1.3662,657.3,,,True,99.08365435142129,0.9478864958759595,32.34515497622704,-0.8955938350694471,0.002,0.9999999159135733,3.664543185969588,5.788547593641975,2026-03-27 03:38:25.618000
XRPUSDT,1598287464.0,1.3662,360.9,,,True,99.21087774712383,0.948009042148494,32.3632112109019,-0.8951306787809915,0.001,0.999999915665659,3.7794400341735144,5.793508921559471,2026-03-27 03:38:25.619000
XRPUSDT,1598287465.0,1.3662,3353.0,,,True,99.33815551268646,0.9481313160190594,32.38125580261537,-0.8946702033829279,0.001,0.9999999154196779,3.765934585486865,5.798470259435455,2026-03-27 03:38:25.620000
XRPUSDT,1598287466.0,1.3662,200.0,,,True,99.46548782838003,0.9482533180190663,32.39928877285655,-0.8942095437137145,0.001,0.9999999151756171,3.7758370287975054,5.80343160724442,2026-03-27 03:38:25.620000
XRPUSDT,1598287467.0,1.3662,800.0,,,True,99.59287467077267,0.9483750486792376,32.417310133086616,-0.8937472748745707,0.001,0.9999999149334671,3.7974725389094015,5.808392964960857,2026-03-27 03:38:25.620000
XRPUSDT,1598287468.0,1.3662,3.9,,,True,99.72031601646277,0.9484965085296088,32.43531989477226,-0.8932834030320593,0.001,0.999999914693215,3.819137279470665,5.813354332559329,2026-03-27 03:38:25.620000
XRPUSDT,1598287469.0,1.3662,3.9,,,True,99.84781184207888,0.9486176980995252,32.45331806938555,-0.8928179343458427,0.001,0.9999999144548496,3.840831240984619,5.818315710014578,2026-03-27 03:38:25.620000
XRPUSDT,1598287470.0,1.3662,3.7,,,True,99.97536212427971,0.9487386179176439,32.471304668403846,-0.8923508749692444,0.001,0.99999991421836,3.8625544089049826,5.823277097301338,2026-03-27 03:38:25.620000
XRPUSDT,1598287471.0,1.3662,3.9,,,True,100.10296683975405,0.9488592685119297,32.489279703309684,-0.89188223104861,0.001,0.9999999139837352,3.884306773693197,5.828238494394504,2026-03-27 03:38:25.620000
XRPUSDT,1598287472.0,1.3662,3.7,,,True,100.23062596522064,0.9489796504096571,32.507243185590724,-0.8914120087234703,0.001,0.9999999137509639,3.906088324046152,5.833199901269007,2026-03-27 03:38:25.620000
XRPUSDT,1598287473.0,1.3661,3.7,,,True,100.27324320520073,0.9489796504096571,32.52109196418424,-0.29843719166895755,0.001,0.9999999134188848,,5.838161317889683,2026-03-27 03:38:25.620000
XRPUSDT,1598287474.0,1.3661,7.4,,,True,100.40097484646537,0.9490997641374078,32.5390397681308,-0.8914464091502712,0.001,0.9999999131895946,-4937.0644687031145,5.8431227442584515,2026-03-27 03:38:25.620000
XRPUSDT,1598287475.0,1.3661,5.5,,,True,100.52876084358037,0.9492196102210694,32.556976044551206,-0.8909723499964654,0.001,0.999999912962128,3.955566500984405,5.84808418033391,2026-03-27 03:38:25.620000
XRPUSDT,1598287476.0,1.3661,4.4,,,True,100.65660117325774,0.949339189185839,32.57490080494232,-0.8904967303763454,0.001,0.9999999127364734,3.9774522302994635,5.85304562609136,2026-03-27 03:38:25.620000
XRPUSDT,1598287477.0,1.3661,3.7,,,True,100.78449581234558,0.9494585015562157,32.59281406081086,-0.8900195571464751,0.001,0.9999999125126205,3.999360907539615,5.858007081506132,2026-03-27 03:38:25.620000
XRPUSDT,1598287478.0,1.3661,4.1,,,True,100.91244473772176,0.9495775478560046,32.610715823668194,-0.8895408364151495,0.001,0.9999999122905588,4.021298706256375,5.862968546553737,2026-03-27 03:38:25.620000
XRPUSDT,1598287479.0,1.3661,1311.0,,,True,101.04044792629371,0.9496963286083145,32.62860610503023,-0.889060574283122,0.001,0.9999999120702778,4.043265619114231,5.867930021209649,2026-03-27 03:38:25.620000
XRPUSDT,1598287480.0,1.3661,3.7,,,True,101.1685053549984,0.9498148443355576,32.646484916417336,-0.8885787768443069,0.001,0.9999999118517667,4.065261632550705,5.87289150544954,2026-03-27 03:38:25.620000
XRPUSDT,1598287481.0,1.3661,3.9,,,True,101.29661700080221,0.9499330955594482,32.664352269354225,-0.8880954501851132,0.001,0.999999911635015,4.0872867382847335,5.877852999249066,2026-03-27 03:38:25.620000
XRPUSDT,1598287482.0,1.3661,3858.3,,,True,101.42478284070108,0.9500510828010024,32.68220817536991,-0.8876106003857269,0.001,0.9999999114200119,4.109340916860724,5.882814502584016,2026-03-27 03:38:25.620000
XRPUSDT,1598287483.0,1.3661,878.6,,,True,101.5530028517201,0.9501688065805374,32.70005264599754,-0.8871242335178264,0.001,0.9999999112067484,4.1314241678408266,5.887776015430271,2026-03-27 03:38:25.620000
XRPUSDT,1598287484.0,1.3661,145.9,,,True,101.68127701091373,0.9502862674176707,32.71788569277437,-0.8866363556469145,0.004,0.9999999109952136,4.15353647069615,5.892737573524597,2026-03-27 03:38:25.624000
XRPUSDT,1598287485.0,1.3661,1093.9,,,True,101.80960590486268,0.9504034658313197,32.73570735588541,-0.8861511706227286,0.001,0.999999910785391,4.139859995366112,5.897699105291267,2026-03-27 03:38:25.625000
XRPUSDT,1598287486.0,1.3661,599.0,,,True,101.93798829142955,0.9505204023397003,32.753517589512235,-0.8856560852453222,0.001,0.9999999105772784,4.233796478644305,5.902660646497352,2026-03-27 03:38:25.625000
XRPUSDT,1598287487.0,1.3661,3.9,,,True,102.06642475750976,0.9506370774603281,32.77131643392384,-0.8851637106855816,0.005,0.9999999103708649,4.220047573904714,5.907622244721047,2026-03-27 03:38:25.630000
XRPUSDT,1598287488.0,1.3661,3.9,,,True,102.19491609263487,0.9507534917100129,32.78910393859515,-0.8846754278978939,0.005,0.9999999101661311,4.194355837106638,5.912583852270085,2026-03-27 03:38:25.630000
XRPUSDT,1598287489.0,1.3661,73.2,,,True,102.32346146119906,0.9508696456048652,32.80688007696991,-0.8841800717196885,0.005,0.9999999099630709,4.264654050862775,5.917545469120904,2026-03-27 03:38:25.630000
XRPUSDT,1598287490.0,1.3661,3.7,,,True,102.45206084042998,0.9509855396602903,32.82464486060862,-0.8836832407650304,0.005,0.9999999097616732,4.286940799816647,5.92250709524999,2026-03-27 03:38:25.630000
XRPUSDT,1598287491.0,1.3661,3.9,,,True,102.58071420758424,0.9511011743909895,32.8423983010752,-0.8831849410477215,0.005,0.9999999095619294,4.309256520907095,5.927468730633832,2026-03-27 03:38:25.630000
XRPUSDT,1598287492.0,1.3661,3.7,,,True,102.70942153994712,0.9512165503109593,32.860140409936974,-0.8826851785735544,0.005,0.9999999093638294,4.331601206715289,5.932430375249098,2026-03-27 03:38:25.630000
XRPUSDT,1598287493.0,1.366,3.7,,,True,102.75236476357234,0.9512165503109593,32.87390521025992,-0.2953398981832869,0.005,0.9999999090625559,,5.937392029022958,2026-03-27 03:38:25.630000
XRPUSDT,1598287494.0,1.366,15.0,,,True,102.88114402779843,0.9513316679334907,32.89163190818422,-0.8826769136563499,0.005,0.9999999088675628,-5102.059984891315,5.942353692065225,2026-03-27 03:38:25.630000
XRPUSDT,1598287495.0,1.366,4.4,,,True,103.0099772048635,0.9514465277711683,32.90934729975921,-0.882173554591316,0.005,0.9999999086741862,4.382376601005838,5.947315364269327,2026-03-27 03:38:25.630000
XRPUSDT,1598287496.0,1.366,7.4,,,True,103.13886427157927,0.9515611303358706,32.927051396535134,-0.8816687471968663,0.005,0.9999999084824173,4.404852507105732,5.952277045612152,2026-03-27 03:38:25.630000
XRPUSDT,1598287497.0,1.366,5.5,,,True,103.26780520535523,0.9516754761387691,32.9447442100916,-0.8811625013470187,0.005,0.9999999082922462,4.427323408599741,5.957238736070769,2026-03-27 03:38:25.630000
XRPUSDT,1598287498.0,1.366,3.7,,,True,103.39679998362942,0.9517895656903267,32.96242575201119,-0.8806548230122714,0.005,0.999999908103664,4.449823211822857,5.962200435622251,2026-03-27 03:38:25.630000
XRPUSDT,1598287499.0,1.366,4.1,,,True,103.52584858386827,0.9519033995002985,32.98009603387932,-0.8801457181547254,0.005,0.999999907916661,4.472351910844789,5.967162144243728,2026-03-27 03:38:25.630000
XRPUSDT,1598287500.0,1.366,500.2,,,True,103.65495098356655,0.9520169780777307,32.99775506728416,-0.8796351927290857,0.005,0.999999907731228,4.494909490694722,5.972123861912505,2026-03-27 03:38:25.630000
XRPUSDT,1598287501.0,1.366,4.1,,,True,103.78410716024729,0.9521303019309603,33.0154028638166,-0.8791232526817809,0.005,0.9999999075473565,4.517495943838175,5.977085588605832,2026-03-27 03:38:25.630000
XRPUSDT,1598287502.0,1.366,5.0,,,True,103.91331709146179,0.9522433715676142,33.0330394350701,-0.8786099039519506,0.005,0.9999999073650361,4.5401112537540484,5.982047324301184,2026-03-27 03:38:25.630000
XRPUSDT,1598287503.0,1.366,659.8,,,True,104.04258075478951,0.9523561874946089,33.05066479264065,-0.8780951524703738,0.005,0.9999999071842589,4.562755413078565,5.987009068975941,2026-03-27 03:38:25.630000
XRPUSDT,1598287504.0,1.366,3.7,,,True,104.17189812783803,0.9524687502181499,33.06827894812669,-0.877579004159746,0.005,0.9999999070050151,4.585428411741521,5.991970822607685,2026-03-27 03:38:25.630000
XRPUSDT,1598287505.0,1.366,3.9,,,True,104.30126918824288,0.9525810602437316,33.08588191312896,-0.8770614649351468,0.005,0.9999999068272969,4.608130235202553,5.9969325851740285,2026-03-27 03:38:25.630000
XRPUSDT,1598287506.0,1.366,3.9,,,True,104.43069391366777,0.9526931180761358,33.10347369925051,-0.8765425407034428,0.005,0.999999906651094,4.630860873983107,6.001894356652685,2026-03-27 03:38:25.630000
XRPUSDT,1598287507.0,1.366,3.9,,,True,104.56017228180416,0.9528049242194329,33.12105431809656,-0.8760222373635183,0.005,0.999999906476398,4.653620316211526,6.006856137021377,2026-03-27 03:38:25.630000
XRPUSDT,1598287508.0,1.366,3.7,,,True,104.68970427037148,0.9529164791769796,33.138623781274426,-0.8755005608059254,0.005,0.9999999063032006,4.676408552924056,6.011817926257979,2026-03-27 03:38:25.630000
XRPUSDT,1598287509.0,1.366,3.9,,,True,104.819289857117,0.95302778345142,33.156182100393444,-0.8749775169133559,0.005,0.9999999061314923,4.69922557061924,6.016779724340363,2026-03-27 03:38:25.630000
XRPUSDT,1598287510.0,1.366,3.7,,,True,104.94892901981567,0.9531388375446839,33.173729287064866,-0.8744531115601452,0.005,0.9999999059612655,4.722071359989143,6.021741531246558,2026-03-27 03:38:25.630000
XRPUSDT,1598287511.0,1.3659,3.7,,,True,104.99215923532537,0.9531388375446839,33.1874191742194,-0.2924142828881807,0.006,0.9999999056850581,,6.026703358639588,2026-03-27 03:38:25.636000
XRPUSDT,1598287512.0,1.3659,7.4,,,True,105.12187002266191,0.953249641957987,33.20495119986074,-0.8744099327472814,0.006,0.9999999055176456,-5252.459107986092,6.031665194896617,2026-03-27 03:38:25.636000
XRPUSDT,1598287513.0,1.3659,5.5,,,True,105.25163433474323,0.9533601971918307,33.222472118337244,-0.8738821366770003,0.006,0.9999999053516886,4.774048698835041,6.03662703989514,2026-03-27 03:38:25.636000
XRPUSDT,1598287514.0,1.3659,4.4,,,True,105.38145214871592,0.9534705037460014,33.239981941233296,-0.8733529922605733,0.006,0.9999999051871785,4.797035139076026,6.041588893613493,2026-03-27 03:38:25.636000
XRPUSDT,1598287515.0,1.3659,3.7,,,True,105.51132344247445,0.9535805621195695,33.257480680166985,-0.872822510190933,0.006,0.9999999050241075,4.820006442415562,6.046550756030001,2026-03-27 03:38:25.636000
XRPUSDT,1598287516.0,1.3659,4.1,,,True,105.64124819394084,0.9536903728108902,33.27496834675793,-0.8722906963036753,0.006,0.9999999048624665,4.843006458313093,6.051512627123124,2026-03-27 03:38:25.636000
XRPUSDT,1598287517.0,1.3659,3.7,,,True,105.77122638106441,0.9537999363176016,33.29244495262722,-0.8717575564253215,0.006,0.9999999047022476,4.866035182298311,6.056474506871341,2026-03-27 03:38:25.636000
XRPUSDT,1598287518.0,1.3659,8.0,,,True,105.90125798182191,0.9539092531366264,33.30991050939729,-0.8712230963751072,0.006,0.9999999045434422,4.889092593271966,6.0614363952532,2026-03-27 03:38:25.636000
XRPUSDT,1598287519.0,1.3659,3.9,,,True,106.0313429742174,0.9540183237641694,33.327365028691894,-0.8706873219629029,0.006,0.9999999043860424,4.912178688926424,6.066398292247367,2026-03-27 03:38:25.636000
XRPUSDT,1598287520.0,1.3659,3.9,,,True,106.16148133628201,0.9541271486957182,33.344808522135985,-0.8701502389904248,0.006,0.9999999042300401,4.935293455590676,6.071360197832551,2026-03-27 03:38:25.636000
XRPUSDT,1598287521.0,1.3659,3.9,,,True,106.29167304607417,0.9542357284260429,33.36224100135566,-0.8696118532506553,0.006,0.9999999040754266,4.958436884672973,6.07632211198752,2026-03-27 03:38:25.636000
XRPUSDT,1598287522.0,1.3659,3.7,,,True,106.42191808167945,0.9543440634491953,33.37966247797809,-0.8690721705289794,0.006,0.999999903922194,4.981608956841433,6.08128403469111,2026-03-27 03:38:25.636000
XRPUSDT,1598287523.0,1.3659,3.9,,,True,106.55221642121033,0.9544521542585083,33.39707296363139,-0.8685311966007778,0.006,0.9999999037703347,5.004809674755474,6.086245965922243,2026-03-27 03:38:25.636000
XRPUSDT,1598287524.0,1.3659,3.7,,,True,106.68256804280642,0.9545600013465979,33.4144724699446,-0.8679889372341578,0.006,0.9999999036198411,5.028039015474237,6.091207905659939,2026-03-27 03:38:25.636000
XRPUSDT,1598287525.0,1.3658,805.5,,,True,106.72601248681747,0.9545600013465979,33.42810432466435,-0.29008960778022075,0.006,0.999999903361533,,6.096169853826299,2026-03-27 03:38:25.636000
XRPUSDT,1598287526.0,1.3658,634.5,,,True,106.85643514820823,0.9546676052053593,33.445488847098396,-0.8679177229657765,0.006,0.999999903213648,-5369.957191468291,6.101131810558366,2026-03-27 03:38:25.636000
XRPUSDT,1598287527.0,1.3658,3.7,,,True,106.98691104144096,0.9547749663259688,33.46286241553946,-0.8673722335508374,0.006,0.9999999030671063,5.080884139829911,6.10609377573438,2026-03-27 03:38:25.636000
XRPUSDT,1598287528.0,1.3658,15.0,,,True,107.1174401439976,0.954882085198883,33.48022504158628,-0.866825471401695,0.006,0.9999999029219002,5.104255993998506,6.111055749333651,2026-03-27 03:38:25.636000
XRPUSDT,1598287529.0,1.3658,4.4,,,True,107.24802243413433,0.9549889623138385,33.49757673687054,-0.8662774472193516,0.006,0.9999999027780206,5.127610177085603,6.11601773133548,2026-03-27 03:38:25.636000
XRPUSDT,1598287530.0,1.3658,7.4,,,True,107.37865789013391,0.9550955981598516,33.514917513024436,-0.8657281667302741,0.006,0.9999999026354615,5.15099293168255,6.120979721719249,2026-03-27 03:38:25.636000
XRPUSDT,1598287531.0,1.3658,5.5,,,True,107.50934649030586,0.9552019932252185,33.53224738168061,-0.8651776356518786,0.006,0.9999999024942143,5.174404249830236,6.12594172046439,2026-03-27 03:38:25.636000
XRPUSDT,1598287532.0,1.3658,3.7,,,True,107.64008821298633,0.955308147997514,33.54956635447208,-0.8646258596932348,0.006,0.9999999023542715,5.1978441167762135,6.130903727550499,2026-03-27 03:38:25.636000
XRPUSDT,1598287533.0,1.3658,194.8,,,True,107.77088303653784,0.9554140629635921,33.566874443032155,-0.8640728445536213,0.006,0.9999999022156263,5.22131253108696,6.135865742957142,2026-03-27 03:38:25.636000
XRPUSDT,1598287534.0,1.3658,130.2,,,True,107.9017309393496,0.9555197386095857,33.58417165899438,-0.8635185959248277,0.006,0.9999999020782702,5.244809469412409,6.140827766663968,2026-03-27 03:38:25.636000
XRPUSDT,1598287535.0,1.3658,4.1,,,True,108.03263189983718,0.9556251754209064,33.60145801399244,-0.8629631194888071,0.017,0.9999999019421956,5.268334930303392,6.145789926068371,2026-03-27 03:38:25.653000
XRPUSDT,1598287536.0,1.3658,3.7,,,True,108.16358810976787,0.9557303738822418,33.618733613033754,-0.8624209586244839,0.186,0.9999999018073804,5.1536957617160715,6.150754049887463,2026-03-27 03:38:25.839000
XRPUSDT,1598287537.0,1.3658,3.9,,,True,108.29463132980729,0.95583533447756,33.63599980488486,-0.8620860694846479,0.186,0.9999999016735812,3.1906177629877543,6.155718178922151,2026-03-27 03:38:25.839000
XRPUSDT,1598287538.0,1.3658,3.9,,,True,108.42572751995336,0.955940057690106,33.653255162812926,-0.8615262915365332,0.186,0.9999999015408357,5.345309167903537,6.160682313153381,2026-03-27 03:38:25.839000
XRPUSDT,1598287539.0,1.3658,3.9,,,True,108.55687665866166,0.9560445440024021,33.67049969847635,-0.8609653082040483,0.186,0.999999901409139,5.368964796988691,6.165646452563306,2026-03-27 03:38:25.839000
XRPUSDT,1598287540.0,1.3658,3.9,,,True,108.68807872443547,0.9561487938962483,33.68773342353418,-0.8604031252726355,0.186,0.9999999012784854,5.3926475190692065,6.170610597134201,2026-03-27 03:38:25.839000
XRPUSDT,1598287541.0,1.3658,8.9,,,True,108.81933369580412,0.9562528078527212,33.70495634964515,-0.8598397483787114,0.186,0.9999999011488682,5.416358660206962,6.175574746848384,2026-03-27 03:38:25.839000
XRPUSDT,1598287542.0,1.3658,3.9,,,True,108.95064155132324,0.9563565863521748,33.72216848846756,-0.8592751831502975,0.186,0.9999999010202837,5.440098203251068,6.180538901688209,2026-03-27 03:38:25.839000
XRPUSDT,1598287543.0,1.3658,3.9,,,True,109.08200226957466,0.9564601298742396,33.739369851659234,-0.8587094352059784,0.186,0.999999900892726,5.463866140898808,6.18550306163618,2026-03-27 03:38:25.839000
XRPUSDT,1598287544.0,1.3658,3.7,,,True,109.21341582916615,0.9565634388978225,33.75656045087747,-0.8581425101550085,0.186,0.999999900766189,5.487662464595,6.190467226674699,2026-03-27 03:38:25.839000
XRPUSDT,1598287545.0,1.3658,3.9,,,True,109.34488220873162,0.9566665139011074,33.77374029777893,-0.8575744135978202,0.186,0.9999999006406681,5.511487160648002,6.195431396786478,2026-03-27 03:38:25.839000
XRPUSDT,1598287546.0,1.3658,3.9,,,True,109.47640138693095,0.9567693553615536,33.79090940401958,-0.8570051511256181,0.186,0.9999999005161574,5.535340219127879,6.200395571954025,2026-03-27 03:38:25.839000
XRPUSDT,1598287547.0,1.3657,4.4,,,True,109.52023614173196,0.9567693553615536,33.80445340525696,-0.2864167877636324,0.004,0.9999999002814624,,6.205357660422523,2026-03-27 03:38:25.843000
XRPUSDT,1598287548.0,1.3657,7.4,,,True,109.65178919422958,0.9568719637558973,33.82160630852495,-0.8566553760904105,0.004,0.9999999001591287,-5557.426290255875,6.210319757043566,2026-03-27 03:38:25.843000
XRPUSDT,1598287549.0,1.3657,4.1,,,True,109.78339502001344,0.9569743395601503,33.83874850430804,-0.856083792309953,0.004,0.999999900037993,5.5831920894614155,6.215281861730278,2026-03-27 03:38:25.843000
XRPUSDT,1598287550.0,1.3657,73.2,,,True,109.91505359734673,0.9570764832496003,33.855880004212025,-0.8555110563812621,0.004,0.9999998999180476,5.607159206556603,6.220243974463197,2026-03-27 03:38:25.843000
XRPUSDT,1598287551.0,1.3657,3.9,,,True,110.04676490504391,0.9571783952988102,33.87300081986342,-0.85493717727006,0.004,0.999999899799286,5.631121301661216,6.225206095222977,2026-03-27 03:38:25.843000
XRPUSDT,1598287552.0,1.3657,3.9,,,True,110.1785289219451,0.9572800761816191,33.890110962887775,-0.8543621605151035,0.004,0.999999899681701,5.655111748361272,6.230168223990346,2026-03-27 03:38:25.843000
XRPUSDT,1598287553.0,1.3657,3.9,,,True,110.31034562691586,0.9573815263711415,33.90721044490956,-0.8537860116455436,0.004,0.9999998995652869,5.679130539554304,6.235130360746053,2026-03-27 03:38:25.843000
XRPUSDT,1598287554.0,1.3657,8.0,,,True,110.44221499884735,0.9574827463397669,33.924299277552144,-0.8532087361816019,0.004,0.9999998994500356,5.703177661295961,6.240092505470952,2026-03-27 03:38:25.843000
XRPUSDT,1598287555.0,1.3657,3.7,,,True,110.57413701665598,0.9575837365591604,33.94137747243767,-0.8526303396334265,0.004,0.9999998993359411,5.727253110738059,6.245054658145908,2026-03-27 03:38:25.843000
XRPUSDT,1598287556.0,1.3657,3.9,,,True,110.70611165928365,0.9576844975002619,33.95844504118706,-0.8520508275027725,0.004,0.999999899222997,5.751356868238307,6.250016818751931,2026-03-27 03:38:25.843000
XRPUSDT,1598287557.0,1.3657,3.7,,,True,110.83813890569752,0.9577850296332867,33.975501995419904,-0.8514702052811707,0.004,0.9999998991111956,5.775488932063849,6.2549789872699755,2026-03-27 03:38:25.843000
XRPUSDT,1598287558.0,1.3656,3.7,,,True,110.88209572022163,0.9577850296332867,33.988999546869074,-0.2842566252881635,0.004,0.9999998988884573,,6.259941163644853,2026-03-27 03:38:25.847000
XRPUSDT,1598287559.0,1.3656,3.7,,,True,111.01419312029418,0.957885333427725,34.006041957356324,-0.8513398890950857,0.004,0.9999998987788674,-5653.657142113126,6.264903347961634,2026-03-27 03:38:25.847000
XRPUSDT,1598287560.0,1.3656,4.4,,,True,111.14634307562848,0.9579854093523419,34.02307377861106,-0.8507563991178418,0.004,0.9999998986704027,5.830473008143081,6.269865540133895,2026-03-27 03:38:25.847000
XRPUSDT,1598287561.0,1.3656,7.4,,,True,111.2785455647374,0.9580852578751774,34.04009502222661,-0.8501718124833537,0.004,0.9999998985630559,5.854734931343637,6.2748277401429045,2026-03-27 03:38:25.847000
XRPUSDT,1598287562.0,1.3656,4.1,,,True,111.41080056669755,0.9581848794635462,34.05710569981641,-0.8495861381127641,0.004,0.9999998984568211,5.878990489703876,6.279789947969956,2026-03-27 03:38:25.847000
XRPUSDT,1598287563.0,1.3656,3.9,,,True,111.54310806061041,0.9582842745840382,34.074105822992216,-0.8489993814518335,0.004,0.9999998983516926,5.903274305885715,6.284752163596465,2026-03-27 03:38:25.847000
XRPUSDT,1598287564.0,1.3656,3.9,,,True,111.67546802560251,0.9583834437025176,34.091095403364115,-0.8484115479379024,0.004,0.9999998982476626,5.9275863589852555,6.289714387003827,2026-03-27 03:38:25.847000
XRPUSDT,1598287565.0,1.3656,3.9,,,True,111.80788044082537,0.9584823872841237,34.10807445254034,-0.8478226429983101,0.004,0.9999998981447257,5.951926643778381,6.294676618173527,2026-03-27 03:38:25.847000
XRPUSDT,1598287566.0,1.3656,3.7,,,True,111.9403452854554,0.9585811057932698,34.125042982127326,-0.8472326720507164,0.004,0.999999898042875,5.976295151707707,6.299638857087167,2026-03-27 03:38:25.847000
XRPUSDT,1598287567.0,1.3656,3.7,,,True,112.07286253869376,0.9586795996936444,34.14200100372954,-0.8466416405036288,0.004,0.9999998979421051,6.000691868635297,6.30460110372632,2026-03-27 03:38:25.847000
XRPUSDT,1598287568.0,1.3656,3.9,,,True,112.20543217976655,0.9587778694482108,34.15894852894948,-0.8460495537553699,0.004,0.9999998978424093,6.025116790729407,6.309563358072627,2026-03-27 03:38:25.847000
XRPUSDT,1598287569.0,1.3656,3.7,,,True,112.33805418792446,0.9588759155192066,34.17588556938763,-0.8454564171952348,0.004,0.9999998977437812,6.049569902299595,6.314525620107834,2026-03-27 03:38:25.847000
XRPUSDT,1598287570.0,1.3656,3.7,,,True,112.47072854244306,0.9589737383681443,34.19281213664231,-0.8448622362026941,0.004,0.9999998976462147,6.074051195537418,6.31948788981377,2026-03-27 03:38:25.847000
XRPUSDT,1598287571.0,1.3656,3.7,,,True,112.60345522262239,0.9590713384558098,34.209728242309716,-0.8442670161473551,0.004,0.9999998975497036,6.098560662962615,6.324450167172186,2026-03-27 03:38:25.847000
XRPUSDT,1598287572.0,1.3655,3.7,,,True,112.64762258662772,0.9590713384558098,34.22316943797202,-0.2817029105238863,0.006,0.999999897341305,,6.329412474738266,2026-03-27 03:38:25.853000
XRPUSDT,1598287573.0,1.3655,157.4,,,True,112.78041945613644,0.9591687162422666,34.24007120037026,-0.8441160571875433,0.006,0.9999998972468452,-5775.579494335421,6.33437478998855,2026-03-27 03:38:25.853000
XRPUSDT,1598287574.0,1.3655,7.4,,,True,112.91326860356493,0.9592658721868503,34.25696252633335,-0.8435181119187123,0.01,0.9999998971534227,6.1544897884853444,6.339337158025018,2026-03-27 03:38:25.863000
XRPUSDT,1598287575.0,1.3655,4.4,,,True,113.04617080365185,0.9593628067481722,34.2738434583699,-0.842924175295808,0.01,0.999999897061025,6.1271915280261755,6.344299533541042,2026-03-27 03:38:25.863000
XRPUSDT,1598287576.0,1.3655,4.1,,,True,113.17912523906202,0.959459520384118,34.290713976952624,-0.8423241704247757,0.01,0.9999998969696486,6.203932518561808,6.349261916518745,2026-03-27 03:38:25.863000
XRPUSDT,1598287577.0,1.3655,255.3,,,True,113.31213188922513,0.9595560135518487,34.30757409366659,-0.8417231537042876,0.01,0.9999998968792866,6.228593532809731,6.354224306940372,2026-03-27 03:38:25.863000
XRPUSDT,1598287578.0,1.3655,161.1,,,True,113.44519073359523,0.9596522867077996,34.32442382009429,-0.8411211304484607,0.026,0.999999896789934,6.25328265061044,6.359186885161073,2026-03-27 03:38:25.889000
XRPUSDT,1598287579.0,1.3655,83.8,,,True,113.5783049324874,0.9597483403076812,34.341263290347015,-0.840538137967554,0.023,0.9999998967015669,6.0694495742491466,6.3641494367251985,2026-03-27 03:38:25.912000
XRPUSDT,1598287580.0,1.3655,3.9,,,True,113.71147068611363,0.9598441748064792,34.35809236991065,-0.8399303082717959,0.023,0.9999998966141841,6.3424936049301035,6.36911199546167,2026-03-27 03:38:25.912000
XRPUSDT,1598287581.0,1.3655,36.6,,,True,113.84468857063722,0.9599397906584541,34.37491109339763,-0.8393252495860763,0.023,0.9999998965277804,6.328016466121511,6.374074561353117,2026-03-27 03:38:25.912000
XRPUSDT,1598287582.0,1.3655,3.9,,,True,113.97795856560656,0.9600351883171419,34.391719472381446,-0.8387192055353535,0.023,0.9999998964423499,6.352818916727802,6.37903713438229,2026-03-27 03:38:25.912000
XRPUSDT,1598287583.0,1.3655,3.9,,,True,114.11128065059394,0.9601303682353538,34.408517518432724,-0.8381121813838741,0.023,0.9999998963578873,6.3776494336509355,6.383999714531878,2026-03-27 03:38:25.912000
XRPUSDT,1598287584.0,1.3655,29.0,,,True,114.24465480519588,0.9602253308651747,34.4253052431192,-0.8375041823868665,0.023,0.9999998962743863,6.402507998718175,6.388962301784785,2026-03-27 03:38:25.912000
XRPUSDT,1598287585.0,1.3655,161.1,,,True,114.37808100903273,0.960320076657967,34.442082658005596,-0.8368952137892632,0.039,0.9999998961918424,6.427394606724196,6.3939250755904276,2026-03-27 03:38:25.951000
XRPUSDT,1598287586.0,1.3655,3.7,,,True,114.51156241549843,0.9604146060643678,34.45884989497307,-0.8363051127742462,0.026,0.9999998961102331,6.242512647495863,6.398887710484914,2026-03-27 03:38:25.977000
XRPUSDT,1598287587.0,1.3655,3.9,,,True,114.64509325041614,0.96050891953429,34.47560674712086,-0.835678071871967,0.026,0.9999998960295671,6.648476647044481,6.403850352381138,2026-03-27 03:38:25.977000
XRPUSDT,1598287588.0,1.3655,3.9,,,True,114.77867607314913,0.9606030175169218,34.49235332402633,-0.835066214870344,0.026,0.9999998959498386,6.502339205473934,6.408813001262144,2026-03-27 03:38:25.977000
XRPUSDT,1598287589.0,1.3655,3.9,,,True,114.912310863413,0.960696900460728,34.509089637242155,-0.8344534091551611,0.026,0.999999895871043,6.527338090804113,6.413775657111084,2026-03-27 03:38:25.977000
XRPUSDT,1598287590.0,1.3655,3.9,,,True,115.04599760094709,0.9607905688134484,34.52581569831775,-0.8338396599213039,0.026,0.9999998957931734,6.55236497741341,6.418738319911146,2026-03-27 03:38:25.977000
XRPUSDT,1598287591.0,1.3655,3.9,,,True,115.17973626551438,0.9608840230220994,34.542531518799194,-0.8332249723541367,0.026,0.9999998957162257,6.577419851282488,6.423700989645549,2026-03-27 03:38:25.977000
XRPUSDT,1598287592.0,1.3655,3.9,,,True,115.3135268369015,0.9609772635329741,34.5592371102292,-0.8326093516295586,0.026,0.9999998956401949,6.602502697626706,6.428663666297584,2026-03-27 03:38:25.977000
XRPUSDT,1598287593.0,1.3655,3.8,,,True,115.44736929491881,0.9610702907916414,34.575932484147025,-0.8319928029131267,0.026,0.9999998955650752,6.627613510967749,6.433626349850603,2026-03-27 03:38:25.977000
XRPUSDT,1598287594.0,1.3655,3.9,,,True,115.58126361940026,0.9611631052429469,34.59261765208846,-0.8313753313610581,0.026,0.9999998954908612,6.652752274925884,6.438589040287932,2026-03-27 03:38:25.977000
XRPUSDT,1598287595.0,1.3655,3.9,,,True,115.71520979020336,0.9612557073310126,34.60929262558571,-0.8307569421190278,0.026,0.9999998954175487,6.677918985924144,6.443551737593066,2026-03-27 03:38:25.977000
XRPUSDT,1598287596.0,1.3655,11.5,,,False,115.84920778720907,0.9613480974992382,34.62595741616742,-0.830137640322479,0.131,0.9999998953451319,6.703113636903223,6.448515610019839,2026-03-27 03:38:26.108000
XRPUSDT,1598287597.0,1.3655,712.5,,,False,115.98327834105817,0.9614402761902997,34.64261280248357,-0.8296454987447144,0.025,0.9999998952735044,5.338995076816696,6.453478308994668,2026-03-27 03:38:26.133000
XRPUSDT,1598287598.0,1.3654,4.1,,,True,116.02786776705773,0.9614402761902997,34.65595189636014,-0.2766568100903085,0.278,0.9999998950889246,,6.458443823203991,2026-03-27 03:38:26.411000
XRPUSDT,1598287599.0,1.3654,4.4,,,True,116.16203639073986,0.9615322438461507,34.672594334175436,-0.8296291397255786,0.278,0.9999998950188123,-6012.68266021077,6.463409344675736,2026-03-27 03:38:26.411000
XRPUSDT,1598287600.0,1.3654,7.4,,,True,116.29625677760501,0.9616240009080216,34.68922661739179,-0.8290058088911985,0.278,0.9999998949493398,6.79327369109758,6.4683748686945055,2026-03-27 03:38:26.411000
XRPUSDT,1598287601.0,1.3654,10.0,,,True,116.43052886706802,0.9617155478164214,34.705848756058614,-0.828381336747385,0.278,0.999999894880505,6.821335146413849,6.473340395247491,2026-03-27 03:38:26.411000
XRPUSDT,1598287602.0,1.3654,3.9,,,True,116.56485263908668,0.9618068850111361,34.72246076171934,-0.8277559785621171,0.278,0.9999998948123039,6.846697965943969,6.478305924322028,2026-03-27 03:38:26.411000
XRPUSDT,1598287603.0,1.3654,3.9,,,True,116.69922807364222,0.9618980129312296,34.739062645913364,-0.8271297394215044,0.278,0.9999998947447338,6.872088597769352,6.483271455905458,2026-03-27 03:38:26.411000
XRPUSDT,1598287604.0,1.3654,3.9,,,True,116.83365515073926,0.9619889320150449,34.755654420176015,-0.8265026244014962,0.278,0.999999894677792,6.897507032539106,6.488236989985189,2026-03-27 03:38:26.411000
XRPUSDT,1598287605.0,1.3654,3.7,,,True,116.96813385040572,0.9620796427002022,34.772236096038526,-0.8258746385673726,0.278,0.9999998946114756,6.922953266580737,6.493202526548674,2026-03-27 03:38:26.411000
XRPUSDT,1598287606.0,1.3654,3.9,,,True,117.10266415269281,0.9621701454236012,34.78880768502796,-0.8252457869752864,0.278,0.9999998945457805,6.948427278960975,6.498168065583391,2026-03-27 03:38:26.411000
XRPUSDT,1598287607.0,1.3654,3.9,,,True,117.23724603767499,0.96226044062142,34.80536919866712,-0.8246160746697784,0.278,0.999999894480705,6.973929076182236,6.50313360707688,2026-03-27 03:38:26.411000
XRPUSDT,1598287608.0,1.3654,3.9,,,True,117.37187948544987,0.9623505287291161,34.82192064847457,-0.8239855066864421,0.278,0.9999998944162454,6.9994586351360635,6.508099151016781,2026-03-27 03:38:26.411000
XRPUSDT,1598287609.0,1.3654,5.9,,,True,117.5065644761382,0.9624404101814259,34.838462045964526,-0.8233540880497805,0.278,0.999999894352399,7.025015956408388,6.5130646973907185,2026-03-27 03:38:26.411000
XRPUSDT,1598287610.0,1.3654,3.9,,,True,117.64130098988392,0.9625300854123656,34.85499340264682,-0.8227218237747428,0.278,0.9999998942891629,7.050601023405191,6.518030246186407,2026-03-27 03:38:26.411000
XRPUSDT,1598287611.0,1.3654,3.7,,,True,117.77608900685388,0.9626195548552308,34.871514730026846,-0.822088718865256,0.278,0.999999894226534,7.076213835834903,6.522995797391519,2026-03-27 03:38:26.411000
XRPUSDT,1598287612.0,1.3654,3.9,,,True,117.9109285072381,0.9627088189425977,34.888026039605535,-0.8214547783159971,0.278,0.9999998941645095,7.101854373446678,6.527961350993958,2026-03-27 03:38:26.411000
XRPUSDT,1598287613.0,1.3654,3.7,,,True,118.0458194712494,0.9627978781063227,34.90452734287926,-0.8208200071102534,0.278,0.999999894103087,7.127522639942336,6.532926906981496,2026-03-27 03:38:26.411000
XRPUSDT,1598287614.0,1.3653,3.7,,,True,118.09070034182781,0.9627978781063227,34.91780555783974,-0.27382325347995823,0.01,0.9999998939280611,,6.53788952158089,2026-03-27 03:38:26.421000
XRPUSDT,1598287615.0,1.3653,7.4,,,True,118.22560731922589,0.9628867327775421,34.93429116773041,-0.8202815657476301,0.01,0.9999998938680567,-6150.0234570460325,6.542852143217773,2026-03-27 03:38:26.421000
XRPUSDT,1598287616.0,1.3653,4.1,,,True,118.36056575557166,0.9629753833866737,34.950766806392785,-0.81964549922971,0.01,0.9999998938088871,7.174981922304658,6.547814771707511,2026-03-27 03:38:26.421000
XRPUSDT,1598287617.0,1.3653,3.9,,,True,118.4955756297093,0.963063830363416,34.96723248522049,-0.8190086078505356,0.01,0.999999893750547,7.200827011074167,6.552777407034327,2026-03-27 03:38:26.421000
XRPUSDT,1598287618.0,1.3653,3.9,,,True,118.63063692199822,0.9631520741367491,34.983688215655796,-0.8183709056076216,0.01,0.9999998936930308,7.22659762640936,6.557740049182428,2026-03-27 03:38:26.421000
XRPUSDT,1598287619.0,1.3653,3.9,,,True,118.7657496128204,0.963240115134934,35.00013400913625,-0.8177323974255706,0.01,0.9999998936363358,7.252395988398505,6.562702698136166,2026-03-27 03:38:26.421000
XRPUSDT,1598287620.0,1.3653,5.5,,,True,118.90091368258037,0.9633279537855156,35.01656987709466,-0.8170930882185945,0.01,0.9999998935804555,7.278222089514122,6.567665353879808,2026-03-27 03:38:26.421000
XRPUSDT,1598287621.0,1.3653,3.9,,,True,119.03612911170505,0.963415590515319,35.032995830959,-0.816452982890592,0.01,0.9999998935253852,7.304075921575307,6.572628016397754,2026-03-27 03:38:26.421000
XRPUSDT,1598287622.0,1.3653,3.9,,,True,119.17139588064376,0.9635030257504524,35.049411882152384,-0.8158120863353963,0.01,0.9999998934711221,7.329957473295917,6.577590685674471,2026-03-27 03:38:26.421000
XRPUSDT,1598287623.0,1.3653,3.9,,,True,119.3067139698683,0.963590259916307,35.06581804209303,-0.8151704034363186,0.01,0.9999998934176605,7.355866738584719,6.582553361694393,2026-03-27 03:38:26.421000
XRPUSDT,1598287624.0,1.3653,3.8,,,True,119.44208335987261,0.963677293437557,35.0822143221942,-0.8145279390662186,0.01,0.999999893364995,7.381803710482969,6.587516044442078,2026-03-27 03:38:26.421000
XRPUSDT,1598287625.0,1.3653,3.7,,,True,119.577504031173,0.9637641267381604,35.09860073386411,-0.8138846980881052,0.01,0.9999998933131218,7.407768375083015,6.592478733902086,2026-03-27 03:38:26.421000
XRPUSDT,1598287626.0,1.3653,3.9,,,True,119.71297596430813,0.9638507602413583,35.114977288505976,-0.8132406853544761,0.01,0.9999998932620365,7.433760726005167,6.597441430059011,2026-03-27 03:38:26.421000
XRPUSDT,1598287627.0,1.3653,3.9,,,True,119.8484991398386,0.9639371943696761,35.13134399751785,-0.8125959057071944,0.01,0.9999998932117348,7.459780758258153,6.602404132897541,2026-03-27 03:38:26.421000
XRPUSDT,1598287628.0,1.3652,109.8,,,True,119.89353385531719,0.9639371943696761,35.14456587790008,-0.2707349646347835,0.117,0.9999998930478151,,6.607368004833263,2026-03-27 03:38:26.538000
XRPUSDT,1598287629.0,1.3652,7.4,,,True,120.02914627515817,0.9640234295449241,35.16091968790032,-0.812483544148661,0.117,0.9999998929989877,-6282.222746754549,6.612331883597726,2026-03-27 03:38:26.538000
XRPUSDT,1598287630.0,1.3652,4.1,,,True,120.16480989361003,0.9641094661881968,35.17726367376325,-0.8118363288174035,0.117,0.9999998929508395,7.522554421448986,6.6172957672043875,2026-03-27 03:38:26.538000
XRPUSDT,1598287631.0,1.3652,3.7,,,True,120.30052467342766,0.9641953047198748,35.19359784626588,-0.811188255033064,0.117,0.9999998929033658,7.549916939058345,6.622259655639675,2026-03-27 03:38:26.538000
XRPUSDT,1598287632.0,1.3652,4.4,,,True,120.43629059524994,0.9642809455596217,35.20992221679905,-0.8105394344560034,0.117,0.9999998928565641,7.57606509905602,6.627223548890034,2026-03-27 03:38:26.538000
XRPUSDT,1598287633.0,1.3652,3.9,,,True,120.57210763973781,0.9643663891263895,35.22623679674826,-0.8098898718811908,0.117,0.9999998928104301,7.602240863588501,6.632187446941964,2026-03-27 03:38:26.538000
XRPUSDT,1598287634.0,1.3652,3.9,,,True,120.70797578757426,0.9644516358384148,35.242541597493556,-0.8092395720934583,0.117,0.9999998927649604,7.62844422128324,6.63715134978207,2026-03-27 03:38:26.538000
XRPUSDT,1598287635.0,1.3652,3.9,,,True,120.8438950194642,0.9645366861132216,35.25883663040953,-0.8085885398667142,0.117,0.9999998927201521,7.654675169744358,6.642115257396829,2026-03-27 03:38:26.538000
XRPUSDT,1598287636.0,1.3652,3.9,,,True,120.97986531613452,0.96462154036762,35.27512190686532,-0.8079367799650323,0.117,0.9999998926760002,7.6809336939274235,6.647079169772973,2026-03-27 03:38:26.538000
XRPUSDT,1598287637.0,1.3652,3.9,,,True,121.11588665833393,0.964706199017708,35.2913974382244,-0.8072842971415125,0.117,0.9999998926325018,7.707219791971554,6.6520430868971445,2026-03-27 03:38:26.538000
XRPUSDT,1598287638.0,1.3652,3.9,,,True,121.251959026833,0.9647906624788704,35.30766323584473,-0.8066310961395294,0.117,0.999999892589654,7.733533447413972,6.657007008756063,2026-03-27 03:38:26.538000
XRPUSDT,1598287639.0,1.3652,3.8,,,True,121.38808240242417,0.9648749311657806,35.32391931107857,-0.8059771816912182,0.117,0.9999998925474527,7.759874661481944,6.661970935336513,2026-03-27 03:38:26.538000
XRPUSDT,1598287640.0,1.3652,3.7,,,True,121.52425676592149,0.9649590054923999,35.340165675272516,-0.8053225585190342,0.117,0.9999998925058955,7.786243417070876,6.666934866625298,2026-03-27 03:38:26.538000
XRPUSDT,1598287641.0,1.3652,3.9,,,True,121.6604820981609,0.965042885871979,35.35640233976742,-0.8046672313346207,0.117,0.9999998924649764,7.812639710288506,6.67189880260929,2026-03-27 03:38:26.538000
XRPUSDT,1598287642.0,1.3652,3.9,,,True,121.79675837999989,0.9651265727170566,35.37262931589835,-0.8040112048392543,0.117,0.9999998924246943,7.839063532121118,6.676862743275352,2026-03-27 03:38:26.538000
XRPUSDT,1598287643.0,1.3652,3.7,,,True,121.93308559231767,0.9652100664394619,35.388846614994556,-0.8033544837238206,0.117,0.9999998923850455,7.865514873626309,6.681826688610508,2026-03-27 03:38:26.538000
XRPUSDT,1598287644.0,1.3651,7.4,,,True,121.9783806541784,0.9652100664394619,35.40200769785943,-0.2676100729745329,0.005,0.999999892231596,,6.686789435403222,2026-03-27 03:38:26.543000
XRPUSDT,1598287645.0,1.3651,4.1,,,True,122.11475409292778,0.9652933674503139,35.418210851329825,-0.802968329890258,0.005,0.9999998921932944,-6426.791841303204,6.69175218879729,2026-03-27 03:38:26.543000
XRPUSDT,1598287646.0,1.3651,3.7,,,True,122.25117843573612,0.9653764761600211,35.43440435634193,-0.8023100215416386,0.005,0.9999998921557072,7.921051246480696,6.696714948694113,2026-03-27 03:38:26.543000
XRPUSDT,1598287647.0,1.3651,4.4,,,True,122.387653662792,0.9654593929782836,35.450588224166815,-0.8016510282504327,0.005,0.999999892118831,7.947643252773857,6.701677715079122,2026-03-27 03:38:26.543000
XRPUSDT,1598287648.0,1.3651,3.9,,,True,122.52417975508524,0.9655421183140925,35.46676246609567,-0.8009913592478667,0.005,0.999999892082661,7.974207612646702,6.70664048793776,2026-03-27 03:38:26.543000
XRPUSDT,1598287649.0,1.3651,36.6,,,True,122.6607566936269,0.9656246525757302,35.482927093413714,-0.8003310191702788,0.005,0.9999998920471935,8.000799479944028,6.711603267255551,2026-03-27 03:38:26.543000
XRPUSDT,1598287650.0,1.3651,3.9,,,True,122.79738445944948,0.965706996170771,35.49908211740007,-0.7996700126435795,0.005,0.9999998920124246,8.027418846251154,6.716566053018126,2026-03-27 03:38:26.543000
XRPUSDT,1598287651.0,1.3651,3.9,,,True,122.9340630336066,0.9657891495060817,35.51522754932781,-0.7990083442832986,0.005,0.9999998919783498,8.054065702610167,6.721528845211035,2026-03-27 03:38:26.543000
XRPUSDT,1598287652.0,1.3651,4.4,,,True,123.07079239717321,0.9658711129878224,35.531363400463825,-0.7983460186938731,0.005,0.9999998919449663,8.08074004861744,6.726491643819984,2026-03-27 03:38:26.543000
XRPUSDT,1598287653.0,1.3651,245.2,,,True,123.20757253124538,0.9659528870214454,35.54748968206888,-0.797683040470203,0.005,0.9999998919122685,8.107441865054005,6.731454448830652,2026-03-27 03:38:26.543000
XRPUSDT,1598287654.0,1.3652,3.7,,,False,123.43582445049573,0.9661158683626201,35.56659438913808,-1.3264639150160602,1.233,0.9999998919945147,-3244.4258387787863,6.73643036452456,2026-03-27 03:38:27.776000
XRPUSDT,1598287655.0,1.3652,3.9,,,False,123.57297712120318,0.9661970764775478,35.582703489566526,-0.7966728743233067,1.233,0.9999998919623684,6523.868226275318,6.7414062453856225,2026-03-27 03:38:27.776000
XRPUSDT,1598287656.0,1.3652,3.9,,,False,123.71018010379466,0.9662780967591115,35.59880301501207,-0.7960023668976377,1.233,0.9999998919299223,8.275797278515318,6.74638211206946,2026-03-27 03:38:27.776000
XRPUSDT,1598287657.0,1.3652,3.9,,,False,123.8474335737951,0.9663589296092366,35.61489298320735,-0.7953323613161627,1.233,0.999999891897178,8.288778391922612,6.751357964580844,2026-03-27 03:38:27.776000
XRPUSDT,1598287658.0,1.3652,3.9,,,False,123.98473751224645,0.9664395754291457,35.63097340552845,-0.794661733996368,1.233,0.9999998918641384,8.315710852104031,6.75633380292451,2026-03-27 03:38:27.776000
XRPUSDT,1598287659.0,1.3652,225.0,,,False,124.12209190021159,0.9665200346193563,35.647044293344614,-0.7939904894882552,1.233,0.9999998918308052,8.342670443932494,6.761309627105184,2026-03-27 03:38:27.776000
XRPUSDT,1598287660.0,1.3652,3.9,,,False,124.25949671877525,0.9666003075796842,35.66310565801816,-0.7933186323362745,1.233,0.9999998917971802,8.369657095447646,6.766285437127659,2026-03-27 03:38:27.776000
XRPUSDT,1598287661.0,1.3652,3.9,,,False,124.3969519490438,0.9666803947092414,35.679157510904524,-0.7926461670731286,1.233,0.9999998917632655,8.39667081170109,6.7712612329968085,2026-03-27 03:38:27.776000
XRPUSDT,1598287662.0,1.3652,4773.1,,,False,124.53445757214544,0.9667602964064387,35.695199863352165,-0.7919730982222204,1.233,0.9999998917290642,8.423711567055834,6.776237014717496,2026-03-27 03:38:27.776000
XRPUSDT,1598287663.0,1.3652,3.7,,,False,124.67201356922988,0.9668400130689845,35.711232726702555,-0.7912994302947547,1.233,0.9999998916945776,8.450779372237635,6.781212782294677,2026-03-27 03:38:27.776000
XRPUSDT,1598287664.0,1.3652,3.9,,,False,124.80961992146858,0.9669195450938863,35.72725611229013,-0.7906251677928781,1.233,0.9999998916598084,8.47787419858506,6.786188535733216,2026-03-27 03:38:27.776000
XRPUSDT,1598287665.0,1.3652,3.9,,,False,124.94727661005447,0.9669988928774507,35.74327003144224,-0.7899503152064431,1.233,0.9999998916247587,8.504996058116948,6.791164275038148,2026-03-27 03:38:27.776000
XRPUSDT,1598287666.0,1.3652,3.7,,,False,125.08498361620214,0.9670780568152847,35.75927449547914,-0.7892748770158065,1.233,0.9999998915894294,8.532144927564886,6.796140000214521,2026-03-27 03:38:27.776000
XRPUSDT,1598287667.0,1.3653,3.7,,,False,125.31459945896326,0.9672358347326876,35.77817576920524,-1.311392046226357,0.027,0.9999998916676914,-3309.190397521048,6.8011030024093175,2026-03-27 03:38:27.803000
XRPUSDT,1598287668.0,1.3653,3.9,,,False,125.45220913992593,0.9673144494999736,35.794148368776426,-0.7855459955546034,0.027,0.9999998916325441,6688.896613517921,6.806066010156354,2026-03-27 03:38:27.803000
XRPUSDT,1598287669.0,1.3653,7.4,,,False,125.58986926054584,0.9673928819969628,35.81011159628529,-0.784873185180595,0.027,0.9999998915980663,8.578209286140783,6.811029023894846,2026-03-27 03:38:27.803000
XRPUSDT,1598287670.0,1.3653,3.9,,,False,125.7275798066822,0.9674711326157682,35.82606546300761,-0.7841998313782128,0.027,0.9999998915642538,8.605092364276048,6.815992043611145,2026-03-27 03:38:27.803000
XRPUSDT,1598287671.0,1.3653,3.9,,,False,125.86534075982738,0.9675492017478051,35.842009980073506,-0.7835259135232687,0.027,0.9999998915311032,8.632321602161419,6.820955069291691,2026-03-27 03:38:27.803000
XRPUSDT,1598287672.0,1.3653,3.9,,,False,126.00315210149414,0.9676270897837927,35.857945158606114,-0.7828514359890656,0.027,0.9999998914986109,8.659578145098838,6.825918100922877,2026-03-27 03:38:27.803000
XRPUSDT,1598287673.0,1.3653,3.9,,,False,126.1410138132157,0.967704797113754,35.87387100972156,-0.7821764031382435,0.027,0.9999998914667725,8.686861987904452,6.830881138491182,2026-03-27 03:38:27.803000
XRPUSDT,1598287674.0,1.3653,3.9,,,False,126.27892587654559,0.9677823241270161,35.889787544528865,-0.7815008193231036,0.027,0.999999891435585,8.714173121253857,6.835844181983102,2026-03-27 03:38:27.803000
XRPUSDT,1598287675.0,1.3653,868.9,,,False,126.41688827305762,0.9678596712122111,35.905694774129955,-0.7808246888852397,0.027,0.9999998914050444,8.741511540609801,6.840807231385246,2026-03-27 03:38:27.803000
XRPUSDT,1598287676.0,1.3653,421.7,,,False,126.55490098434589,0.9679368387572769,35.92159270961962,-0.7801480161559198,0.027,0.9999998913751474,8.76887723644447,6.845770286684176,2026-03-27 03:38:27.803000
XRPUSDT,1598287677.0,1.3653,447.3,,,False,126.69296399202476,0.9680138271494564,35.93748136208545,-0.7794708054559781,0.002,0.9999998913458898,8.79627020087152,6.85073308688796,2026-03-27 03:38:27.805000
XRPUSDT,1598287678.0,1.3653,3.7,,,False,126.83107250294941,0.9680906367753,35.95336059552177,-0.7787662100727668,0.002,0.9999998913172832,9.173269306706725,6.855695893376852,2026-03-27 03:38:27.805000
XRPUSDT,1598287679.0,1.3653,3.9,,,False,126.96923127763623,0.9681672680206658,35.96923056889645,-0.7780880256827967,0.002,0.9999998912893273,8.8499721847598,6.860658706137156,2026-03-27 03:38:27.805000
XRPUSDT,1598287680.0,1.3653,3.9,,,False,127.10744029776322,0.9682437212707165,35.98509129327233,-0.7774093161253444,0.002,0.9999998912620195,8.877445458530653,6.8656215251552295,2026-03-27 03:38:27.805000
XRPUSDT,1598287681.0,1.3653,3.9,,,False,127.24569954502826,0.9683199969099258,36.00094277970498,-0.776730085677865,0.002,0.9999998912353558,8.904945989577527,6.8705843504175075,2026-03-27 03:38:27.805000
XRPUSDT,1598287682.0,1.3653,3.9,,,False,127.38400900114935,0.968396095322075,36.01678503924259,-0.7760503386085083,0.002,0.9999998912093322,8.932473755473683,6.875547181910392,2026-03-27 03:38:27.805000
XRPUSDT,1598287683.0,1.3653,3.9,,,False,127.52236864786452,0.9684720168902553,36.032618082926,-0.7753700791748157,0.002,0.9999998911839455,8.960028750689306,6.8805100196203695,2026-03-27 03:38:27.805000
XRPUSDT,1598287684.0,1.3653,3.9,,,False,127.66077846693167,0.968547761996867,36.04844192178864,-0.7746893116235885,0.002,0.9999998911591916,8.987610971588268,6.885472863533943,2026-03-27 03:38:27.805000
XRPUSDT,1598287685.0,1.3653,3.7,,,False,127.79923844012862,0.9686233310236211,36.064256566856436,-0.7740080401909977,0.002,0.999999891135067,9.01522041308874,6.890435713637719,2026-03-27 03:38:27.805000
XRPUSDT,1598287686.0,1.3653,3.9,,,False,127.93774854925313,0.9686987243515395,36.0800620291479,-0.7733262691036114,0.002,0.9999998911115683,9.042857056585579,6.895398569918247,2026-03-27 03:38:27.805000
XRPUSDT,1598287687.0,1.3653,7.5,,,True,128.07630877612277,0.9687739423609555,36.09585831967401,-0.7726440025766965,0.003,0.9999998910886926,9.070520905989293,6.900361442710599,2026-03-27 03:38:27.808000
XRPUSDT,1598287688.0,1.3654,3.7,,,False,128.3074801998207,0.9689238539421748,36.11442800049602,-1.2844534699971417,0.011,0.9999998911797051,-3414.0755721304645,6.905324404432866,2026-03-27 03:38:27.819000
XRPUSDT,1598287689.0,1.3654,3.9,,,False,128.44617563190252,0.9689985482712079,36.13020056157838,-0.7702333774205818,0.011,0.9999998911580315,6884.325747794465,6.910287371960175,2026-03-27 03:38:27.819000
XRPUSDT,1598287690.0,1.3654,1107.5,,,False,128.58492111199908,0.9690730687961989,36.14596399254989,-0.7695497242024276,0.011,0.9999998911369622,9.174025790030722,6.915250345462254,2026-03-27 03:38:27.819000
XRPUSDT,1598287691.0,1.3654,7.4,,,False,128.72371662384734,0.9691474158940474,36.161718304439695,-0.7688656060148402,0.011,0.9999998911164937,9.201679788249761,6.920213324926052,2026-03-27 03:38:27.819000
XRPUSDT,1598287692.0,1.3654,4.1,,,False,128.86256214937546,0.9692215899409679,36.177463508214295,-0.7681810168707768,0.011,0.9999998910966236,9.2294970071897,6.925176310338557,2026-03-27 03:38:27.819000
XRPUSDT,1598287693.0,1.3654,3.9,,,False,129.00145767053124,0.9692955913124908,36.19319961483248,-0.7674959609124077,0.011,0.9999998910773478,9.257341374503794,6.9301393016867205,2026-03-27 03:38:27.819000
XRPUSDT,1598287694.0,1.3654,3.9,,,False,129.14040316928202,0.9693694203834623,36.208926635245255,-0.7668104422716115,0.011,0.9999998910586632,9.285212881257422,6.935102298957626,2026-03-27 03:38:27.819000
XRPUSDT,1598287695.0,1.3654,3.9,,,False,129.27939862761477,0.9694430775280457,36.22464458039581,-0.766124465069159,0.011,0.9999998910405656,9.313111529537963,6.940065302138325,2026-03-27 03:38:27.819000
XRPUSDT,1598287696.0,1.3654,3.9,,,False,129.41844402753583,0.9695165631197217,36.240353461219506,-0.7654380334162426,0.011,0.9999998910230534,9.341037300796993,6.945028311215971,2026-03-27 03:38:27.819000
XRPUSDT,1598287697.0,1.3654,3.9,,,False,129.55753935107114,0.9695898775312888,36.256053288643855,-0.7647511514129396,0.011,0.9999998910061206,9.368990197436432,6.949991326177693,2026-03-27 03:38:27.819000
XRPUSDT,1598287698.0,1.3654,3.7,,,False,129.69668458026604,0.9696630211348641,36.27174407358842,-0.764063823149578,0.011,0.999999890989767,9.396970203327447,6.954954347010681,2026-03-27 03:38:27.819000
XRPUSDT,1598287699.0,1.3654,3.9,,,False,129.83587969718528,0.9697359943018842,36.287425826964885,-0.7633760527055162,0.011,0.999999890973987,9.424977319031271,6.959917373702175,2026-03-27 03:38:27.819000
XRPUSDT,1598287700.0,1.3654,3.9,,,False,129.97512468391292,0.9698087974031049,36.30309855967694,-0.762687844149844,0.011,0.9999998909587784,9.453011535673967,6.964880406239486,2026-03-27 03:38:27.819000
XRPUSDT,1598287701.0,1.3654,3.7,,,False,130.11441952255245,0.9698814308086033,36.31876228262031,-0.7619992015414516,0.011,0.9999998909441372,9.481072843363247,6.96984344460981,2026-03-27 03:38:27.819000
XRPUSDT,1598287702.0,1.3654,34.1,,,True,130.25376419522652,0.9699538948877768,36.334417006682685,-0.7613101289287006,0.204,0.9999998909300615,9.50916123699272,6.9748084577507905,2026-03-27 03:38:28.023000
XRPUSDT,1598287703.0,1.3655,3.9,,,False,130.48625442297418,0.9700983165413496,36.35275892784315,-1.2656339827539937,0.607,0.9999998910291176,-3492.0238160216286,6.979777585559355,2026-03-27 03:38:28.630000
XRPUSDT,1598287704.0,1.3655,3.7,,,False,130.62584421384574,0.9701702748511551,36.36839360278802,-0.759488935021312,0.607,0.9999998910157247,7033.865151924698,6.984746699317174,2026-03-27 03:38:28.630000
XRPUSDT,1598287705.0,1.3655,80.2,,,False,130.76548357005987,0.97024206530545,36.38401929935413,-0.7587961183046716,0.607,0.9999998910024762,9.650540917250332,6.989715809048361,2026-03-27 03:38:28.630000
XRPUSDT,1598287706.0,1.3654,29.2,,,True,130.81201385290402,0.97024206530545,36.39695687078912,-0.2534898391843394,0.567,0.9999998908768134,,6.994684504424431,2026-03-27 03:38:29.197000
XRPUSDT,1598287707.0,1.3655,141.7,,,False,131.04490361471082,0.970385144110882,36.41524359209758,-1.2613938670122846,0.988,0.9999998909764287,-7044.3978392539175,6.999657488451259,2026-03-27 03:38:30.185000
XRPUSDT,1598287708.0,1.3655,87.0,,,False,131.1847635236823,0.970456433192019,36.43084447714605,-0.7571037985698214,0.859,0.9999998909634716,7073.875275132766,7.004629138179307,2026-03-27 03:38:31.044000
XRPUSDT,1598287709.0,1.3654,200.0,,,True,131.2313905918975,0.970456433192019,36.44377245953672,-0.25305098224557865,0.29,0.9999998908379956,,7.00959501489633,2026-03-27 03:38:31.334000
XRPUSDT,1598287710.0,1.3654,218.3,,,True,131.3711853147749,0.9705275558776468,36.459357012625,-0.7560574779708898,2.088,0.999999890825231,-7072.377698974559,7.014579107399583,2026-03-27 03:38:33.422000
XRPUSDT,1598287711.0,1.3655,7.4,,,False,131.6046910630843,0.9706693035149638,36.47759495586153,-1.2583012131804647,1.916,0.999999890924439,-3543.224738810738,7.019561444920177,2026-03-27 03:38:35.338000
XRPUSDT,1598287712.0,1.3655,3.9,,,False,131.74492306789847,0.9707399291912673,36.49316506080449,-0.7552552733167311,1.916,0.9999998909104276,7122.706162874236,7.024543725239294,2026-03-27 03:38:35.338000
XRPUSDT,1598287713.0,1.3655,3.9,,,False,131.8852040476475,0.970810389921291,36.50872622935153,-0.7545535313258142,1.916,0.9999998908956681,9.959334663165302,7.029525979966307,2026-03-27 03:38:35.338000
XRPUSDT,1598287714.0,1.3655,3.9,,,False,132.02553431113466,0.9708806860656641,36.524278481771525,-0.7538531757716106,1.916,0.9999998908801644,9.962929837031922,7.034508209120694,2026-03-27 03:38:35.338000
XRPUSDT,1598287715.0,1.3655,3.9,,,False,132.16591384057318,0.9709508179843452,36.539821829051526,-0.7531524541184762,1.916,0.9999998908639206,9.991479861268783,7.039490412721877,2026-03-27 03:38:35.338000
XRPUSDT,1598287716.0,1.3655,3.9,,,False,132.30634261819424,0.9710207860366254,36.555356282169456,-0.7524513702839929,1.916,0.9999998908469393,10.02005646342093,7.044472590789219,2026-03-27 03:38:35.338000
XRPUSDT,1598287717.0,1.3655,3670.3,,,False,132.44682062624906,0.9710905905811256,36.57088185209421,-0.7517499281864265,1.916,0.9999998908292242,10.048659476106275,7.049454743342237,2026-03-27 03:38:35.338000
XRPUSDT,1598287718.0,1.3655,1329.7,,,False,132.58734784700906,0.9711602319757989,36.58639854978557,-0.7510481317330014,0.01,0.9999998908107792,10.07728889860277,7.054417726769716,2026-03-27 03:38:35.348000
XRPUSDT,1598287719.0,1.3655,5.8,,,False,132.72756843351416,0.9712297105779313,36.60189647157759,-0.7484519302206183,0.01,0.9999998907924351,37.366922083973876,7.059380716023215,2026-03-27 03:38:35.348000
XRPUSDT,1598287720.0,1.3655,357.4,,,False,132.86783852546628,0.971299026744142,36.61738559859559,-0.7477560584775301,0.01,0.9999998907746664,10.03909738707112,7.064343711090885,2026-03-27 03:38:35.348000
XRPUSDT,1598287721.0,1.3655,1231.0,,,False,133.00815810536992,0.9713681808303848,36.63286594155954,-0.7470598349584381,0.01,0.9999998907574685,10.06771337630139,7.069306711960295,2026-03-27 03:38:35.348000
XRPUSDT,1598287722.0,1.3655,3.7,,,False,133.14852715573653,0.9714371731919474,36.6483375111805,-0.7463632634315828,0.01,0.9999998907408384,10.096357206481361,7.074269718619067,2026-03-27 03:38:35.348000
XRPUSDT,1598287723.0,1.3655,3.9,,,False,133.28894565909616,0.9715060041834536,36.66380031816089,-0.7456663477171155,0.01,0.9999998907247734,10.125027973849928,7.079232731054797,2026-03-27 03:38:35.348000
XRPUSDT,1598287724.0,1.3655,3.8,,,False,133.4294135979973,0.9715746741588626,36.67925437319449,-0.744969091624715,0.01,0.9999998907092699,10.153725674832593,7.084195749255249,2026-03-27 03:38:35.348000
XRPUSDT,1598287725.0,1.3655,3.9,,,False,133.56993095500707,0.9716431834714709,36.694699686966395,-0.7442714989539712,0.01,0.9999998906943252,10.182450300319688,7.089158773208096,2026-03-27 03:38:35.348000
XRPUSDT,1598287726.0,1.3655,3.9,,,False,133.71049771271103,0.971711532473912,36.71013627015303,-0.7435735734942631,0.01,0.999999890679935,10.211201843221426,7.0941218029010225,2026-03-27 03:38:35.348000
XRPUSDT,1598287727.0,1.3655,3.9,,,False,133.85111385371323,0.9717797215181586,36.72556413342206,-0.7428753190247004,0.01,0.9999998906660977,10.23998029708345,7.099084838321941,2026-03-27 03:38:35.348000
XRPUSDT,1598287728.0,1.3655,3.9,,,False,133.99177936063595,0.9718477509555201,36.74098328743244,-0.7421767393136529,0.01,0.9999998906528095,10.268785663113082,7.104047879458636,2026-03-27 03:38:35.348000
XRPUSDT,1598287729.0,1.3655,3.9,,,False,134.13249421612,0.9719156211366473,36.75639374283434,-0.7414778381199492,0.01,0.999999890640067,10.297617924342234,7.109010926298892,2026-03-27 03:38:35.348000
XRPUSDT,1598287730.0,1.3655,3.8,,,False,134.27325840282455,0.9719833324115303,36.77179551026913,-0.7407786191920303,0.01,0.9999998906278672,10.32647707677616,7.113973978830641,2026-03-27 03:38:35.348000
XRPUSDT,1598287731.0,1.3655,3.7,,,False,134.4140719034269,0.9720508851295006,36.787188600369355,-0.7400790862675817,0.01,0.9999998906162083,10.35536312183718,7.118937037041821,2026-03-27 03:38:35.348000
XRPUSDT,1598287732.0,1.3655,3.9,,,False,134.5549347006229,0.9721182796392309,36.80257302375873,-0.7393792430750923,0.01,0.999999890605086,10.384276038053102,7.12390010092041,2026-03-27 03:38:35.348000
XRPUSDT,1598287733.0,1.3656,3.7,,,False,134.78989510018232,0.9722525954253751,36.820481832249364,-1.2287756103222989,0.002,0.9999998907060758,-3643.625081580443,7.128863091237688,2026-03-27 03:38:35.350000
XRPUSDT,1598287734.0,1.3656,3.9,,,False,134.93088774492296,0.9723195173958492,36.8358438642343,-0.736927103509636,0.002,0.9999998906959869,7349.581958336218,7.133826087295768,2026-03-27 03:38:35.350000
XRPUSDT,1598287735.0,1.3656,3.7,,,False,135.0719296240692,0.9723862825462045,36.85119727015423,-0.7362266468734544,0.002,0.9999998906864308,10.4913511383395,7.138789089115273,2026-03-27 03:38:35.350000
XRPUSDT,1598287736.0,1.3656,7.4,,,False,135.21302072075008,0.9724528912218328,36.8665420605972,-0.7355258995808361,0.002,0.9999998906774045,10.52036068888798,7.143752096684114,2026-03-27 03:38:35.350000
XRPUSDT,1598287737.0,1.3656,3.9,,,False,135.35416101776485,0.972519343767471,36.881878246132906,-0.7348248634818026,0.002,0.9999998906689044,10.549424289180983,7.148715109990299,2026-03-27 03:38:35.350000
XRPUSDT,1598287738.0,1.3656,3.9,,,False,135.49535049793056,0.9725856405272029,36.897205837322055,-0.734123542232069,0.002,0.9999998906609283,10.578514735405651,7.153678129021855,2026-03-27 03:38:35.350000
XRPUSDT,1598287739.0,1.3656,5.5,,,False,135.63658914408245,0.9726517818444592,36.91252484471633,-0.7334219394780008,0.002,0.9999998906534725,10.60763200933659,7.158641153766833,2026-03-27 03:38:35.350000
XRPUSDT,1598287740.0,1.3656,721.9,,,False,135.77787693907385,0.9727177680620196,36.92783527885837,-0.7327200588552916,0.002,0.9999998906465339,10.636776112633672,7.163604184213301,2026-03-27 03:38:35.350000
XRPUSDT,1598287741.0,1.3656,3.7,,,False,135.91921386577582,0.9727835995220114,36.943137150281714,-0.7320179039894534,0.002,0.9999998906401103,10.665947039989435,7.168567220349426,2026-03-27 03:38:35.350000
XRPUSDT,1598287742.0,1.3656,3.7,,,False,136.06059990707757,0.9728492765659115,36.95843046951086,-0.7313154784962179,0.002,0.9999998906341985,10.695144780033626,7.173530262163358,2026-03-27 03:38:35.350000
XRPUSDT,1598287743.0,1.3656,3.7,,,False,136.20203504588605,0.9729147995345476,36.97371524706116,-0.7306127859809702,0.002,0.9999998906287955,10.724369329931953,7.1784933096432635,2026-03-27 03:38:35.350000
XRPUSDT,1598287744.0,1.3656,3.9,,,False,136.34351926512622,0.9729801687680975,36.988991493438846,-0.7299098300394606,0.002,0.9999998906238984,10.753620676518517,7.1834563627773695,2026-03-27 03:38:35.350000
XRPUSDT,1598287745.0,1.3656,3.7,,,False,136.4850525477408,0.9730453846060909,37.00425921914099,-0.7292066142562401,0.002,0.9999998906195043,10.782898830358448,7.1884194215539825,2026-03-27 03:38:35.350000
XRPUSDT,1598287746.0,1.3656,3.7,,,False,136.6266348766903,0.9731104473874099,37.019518434655495,-0.728503142207127,0.002,0.9999998906156109,10.812203764605378,7.193382485961316,2026-03-27 03:38:35.350000
XRPUSDT,1598287747.0,1.3657,3.7,,,False,136.86277253523275,0.9732401151323197,37.03722648916758,-1.210557235723213,0.002,0.9999998907231281,-3717.609910248837,7.198345556001253,2026-03-27 03:38:35.350000
XRPUSDT,1598287748.0,1.3657,8.0,,,False,137.00448553382492,0.9733047207704425,37.05246379634056,-0.7260565492053759,0.002,0.999999890720187,7499.35610258517,7.203308631616171,2026-03-27 03:38:35.350000
XRPUSDT,1598287749.0,1.3657,3.7,,,False,137.14624751613053,0.9733691747009573,37.06769263320215,-0.7253526411174447,0.002,0.9999998907177365,10.92110414848327,7.2082717128269245,2026-03-27 03:38:35.350000
XRPUSDT,1598287750.0,1.3657,4.4,,,False,137.28805846554516,0.9734334772595187,37.08291301020363,-0.7246484956356041,0.002,0.9999998907157756,10.950504888051562,7.213234799621908,2026-03-27 03:38:35.350000
XRPUSDT,1598287751.0,1.3657,3.9,,,False,137.4299183651295,0.9734976287811381,37.09812493777789,-0.7239441144709098,0.002,0.9999998907142995,10.979960364353797,7.218197891989591,2026-03-27 03:38:35.350000
XRPUSDT,1598287752.0,1.3657,3.5,,,False,137.57182719796202,0.9735616296001847,37.11332842634844,-0.7232395011285672,0.002,0.9999998907133065,11.009442579633323,7.223160989918402,2026-03-27 03:38:35.350000
XRPUSDT,1598287753.0,1.3657,3.7,,,False,137.71378494713852,0.9736254800503855,37.1285234863295,-0.7225346591025283,0.002,0.9999998907127938,11.038951547273582,7.228124093396934,2026-03-27 03:38:35.350000
XRPUSDT,1598287754.0,1.3657,4.1,,,False,137.85579159577264,0.9736891804648268,37.14371012812589,-0.721829591877406,0.002,0.9999998907127591,11.068487250934416,7.233087202413663,2026-03-27 03:38:35.350000
XRPUSDT,1598287755.0,1.3657,3.9,,,False,137.99784712699523,0.9737527311759545,37.158888362133105,-0.7211243029278331,0.002,0.9999998907131983,11.098049684373713,7.238050316957216,2026-03-27 03:38:35.350000
XRPUSDT,1598287756.0,1.3657,184.8,,,False,138.13995152395486,0.973816132515575,37.17405819873719,-0.7204187957182777,0.002,0.9999998907141098,11.127638844522714,7.24301343701616,2026-03-27 03:38:35.350000
XRPUSDT,1598287757.0,1.3657,400.0,,,False,138.2821047698174,0.9738793848148559,37.18921964831482,-0.719713073703204,0.002,0.999999890715491,11.15725472585727,7.247976562579108,2026-03-27 03:38:35.350000
XRPUSDT,1598287758.0,1.3657,4.1,,,False,138.42430684776627,0.9739424884043267,37.204372721233206,-0.7190071403272283,0.002,0.9999998907173386,11.186897320669603,7.252939693634813,2026-03-27 03:38:35.352000
XRPUSDT,1598287759.0,1.3657,6.9,,,False,138.56655774100224,0.9740054436138803,37.21951742785011,-0.7183009990249775,0.529,0.99999989071965,11.216566623449747,7.257907910491755,2026-03-27 03:38:35.881000
XRPUSDT,1598287760.0,1.3656,573.6,,,True,138.61402380133424,0.9740054436138803,37.23226215609008,-0.2402878913041628,0.164,0.9999998906119044,,7.2628726081049,2026-03-27 03:38:36.045000
XRPUSDT,1598287761.0,1.3656,3008.0,,,True,138.75636921703202,0.974068250772772,37.247395706519626,-0.7180700901225339,0.164,0.9999998906148236,-7607.129621035496,7.267837311218485,2026-03-27 03:38:36.045000
XRPUSDT,1598287762.0,1.3657,15.9,,,False,138.9937579492944,0.974193422252416,37.264905334434864,-1.1930864507198442,3.36,0.999999890728387,-3794.9248658593383,7.272832788498349,2026-03-27 03:38:39.405000
XRPUSDT,1598287763.0,1.3657,4.1,,,False,139.13681473686353,0.9742557872285037,37.28003194739408,-0.718532775500353,3.741,0.9999998907311076,7609.297798049597,7.27783182177883,2026-03-27 03:38:43.146000
XRPUSDT,1598287764.0,1.3657,3.9,,,False,139.27998825703332,0.9743180054646041,37.29515187039656,-0.7181576061521215,3.741,0.999999890732189,6.029893673390736,7.282830800256673,2026-03-27 03:38:43.146000
XRPUSDT,1598287765.0,1.3657,3.9,,,False,139.4232098207072,0.9743800772868012,37.310263392436,-0.7174378453125099,3.741,0.9999998907315129,11.5956131805886,7.287829723943399,2026-03-27 03:38:43.146000
XRPUSDT,1598287766.0,1.3657,3.7,,,False,139.56647941021404,0.9744420030205477,37.325366524165226,-0.7167179169069909,3.741,0.9999998907290795,11.62567420623123,7.292828592893874,2026-03-27 03:38:43.146000
XRPUSDT,1598287767.0,1.3657,3.9,,,False,139.70979700872368,0.974503782990666,37.34046127624689,-0.7159978284505162,3.741,0.999999890724893,11.655694476648295,7.297827407162954,2026-03-27 03:38:43.146000
XRPUSDT,1598287768.0,1.3657,3.9,,,False,139.85316259942562,0.9745654175213466,37.355547659332906,-0.7152775833340296,3.741,0.999999890718955,11.685740258468542,7.3028261668055725,2026-03-27 03:38:43.146000
XRPUSDT,1598287769.0,1.3657,3.9,,,False,139.99657616552867,0.9746269069361516,37.370625684064414,-0.714557184936251,3.741,0.9999998907112676,11.715811576077844,7.307824871876666,2026-03-27 03:38:43.146000
XRPUSDT,1598287770.0,1.3657,3.9,,,False,140.1400376902611,0.9746882515580136,37.385695361071804,-0.713836636627094,3.741,0.9999998907018323,11.745908398908416,7.312823522431059,2026-03-27 03:38:43.146000
XRPUSDT,1598287771.0,1.3657,378.8,,,False,140.2835471568702,0.9747494517092378,37.40075670097463,-0.713115941764989,3.741,0.9999998906906541,11.776030739949862,7.317822118523706,2026-03-27 03:38:43.146000
XRPUSDT,1598287772.0,1.3657,200.0,,,False,140.42710454862305,0.9748105077115012,37.41580971438168,-0.7123951036990592,0.143,0.9999998906777339,11.806178577156645,7.322786422206805,2026-03-27 03:38:43.289000
XRPUSDT,1598287773.0,1.3656,11.4,,,True,140.47470924472566,0.9748105077115012,37.42850677528277,-0.23685786640123335,4.615,0.9999998905542916,,7.327793211390984,2026-03-27 03:38:47.904000
XRPUSDT,1598287774.0,1.3657,5.0,,,False,140.71387077230574,0.9749321885527247,37.44587880875688,-1.18277553035824,0.28,0.9999998906497151,-7773.760063180857,7.332758798641675,2026-03-27 03:38:48.184000
XRPUSDT,1598287775.0,1.3657,67.9,,,False,140.85694797551145,0.9749928140319105,37.46089176851113,-0.7071603767533072,2.898,0.9999998906343275,7845.136401264629,7.337749219853949,2026-03-27 03:38:51.082000
XRPUSDT,1598287776.0,1.3657,10.7,,,False,141.00054502599428,0.9750532966425877,37.475907962855665,-0.7087703593530047,1.004,0.999999890618506,-26.618933635180454,7.342721650070612,2026-03-27 03:38:52.086000
XRPUSDT,1598287777.0,1.3656,13.9,,,True,141.04836897224635,0.9750532966425877,37.48859473357086,-0.2366742797078462,0.1,0.9999998904922648,,7.3476855102299625,2026-03-27 03:38:52.186000
XRPUSDT,1598287778.0,1.3656,51.4,,,True,141.19152665096576,0.9751136367033096,37.50358697874121,-0.705894137803514,1.7,0.9999998904760615,-7776.25763848103,7.352664524892753,2026-03-27 03:38:53.886000
XRPUSDT,1598287779.0,1.3656,5.0,,,True,141.33502045157758,0.9751738345320061,37.5185779968318,-0.7065963178452598,0.084,0.999999890459855,-11.66454101336771,7.357628233318422,2026-03-27 03:38:53.970000
XRPUSDT,1598287780.0,1.3657,24.9,,,False,141.57384925435466,0.9752938047619351,37.53585275104572,-1.1716340497735422,0.236,0.9999998905533889,-3876.276074520769,7.362593383852355,2026-03-27 03:38:54.206000
XRPUSDT,1598287781.0,1.3657,13.6,,,False,141.71720895030097,0.9753535777959215,37.55081643946271,-0.7028531393236065,1.827,0.9999998905376166,7842.682212793781,7.367573535522373,2026-03-27 03:38:56.033000
XRPUSDT,1598287782.0,1.3657,4030.3,,,False,141.86090234796018,0.9754132098633925,37.56577881501745,-0.7035353906968406,0.236,0.9999998905217715,-11.441014913078027,7.37253867608021,2026-03-27 03:38:56.269000
XRPUSDT,1598287783.0,1.3657,268.8,,,False,142.00435867838158,0.975472701279177,37.5807262242477,-0.7014291153567355,0.236,0.9999998905058495,35.404693472707194,7.377503818570031,2026-03-27 03:38:56.269000
XRPUSDT,1598287784.0,1.3657,3.8,,,False,142.14786337053312,0.9755320523574853,37.59566551884363,-0.7007181983661975,0.236,0.999999890490327,11.978164690530596,7.382468962995754,2026-03-27 03:38:56.269000
XRPUSDT,1598287785.0,1.3657,3.9,,,False,142.2914164082566,0.9755912634119119,37.610596708934885,-0.7000071616517582,0.236,0.9999998904752004,12.00851295969249,7.38743410935005,2026-03-27 03:38:56.269000
XRPUSDT,1598287786.0,1.3657,3.9,,,False,142.4350177751973,0.9756503347554338,37.625519804636,-0.6992960073445073,0.236,0.9999998904604693,12.038905243239492,7.392399257625532,2026-03-27 03:38:56.269000
XRPUSDT,1598287787.0,1.3657,3.9,,,False,142.57866745501744,0.9757092667004135,37.640434816051545,-0.698584738605917,0.236,0.9999998904461315,12.069324011554112,7.397364407815051,2026-03-27 03:38:56.269000
XRPUSDT,1598287788.0,1.3657,3.9,,,False,142.72236543139576,0.9757680595585979,37.655341753276126,-0.6978733585878296,0.236,0.9999998904321852,12.099769258634126,7.40232955991136,2026-03-27 03:38:56.269000
XRPUSDT,1598287789.0,1.3657,3.9,,,False,142.86611168802776,0.9758267136411206,37.67024062639433,-0.6971618704323508,0.236,0.9999998904186279,12.13024098030092,7.407294713907202,2026-03-27 03:38:56.269000
XRPUSDT,1598287790.0,1.3657,3.7,,,False,143.00990620862558,0.9758852292585019,37.685131445480735,-0.6964502772723467,0.236,0.9999998904054583,12.160739164178857,7.412259869795419,2026-03-27 03:38:56.269000
XRPUSDT,1598287791.0,1.3657,3.9,,,False,143.15374897691788,0.9759436067206495,37.70001422059987,-0.6957385822304227,0.236,0.9999998903926751,12.191263815543378,7.417225027568907,2026-03-27 03:38:56.269000
XRPUSDT,1598287792.0,1.3657,1325.1,,,False,143.29763997665012,0.9760018463368603,37.71488896180624,-0.6950267884200895,0.236,0.9999998903802753,12.221814919887787,7.422190187220502,2026-03-27 03:38:56.269000
XRPUSDT,1598287793.0,1.3657,2405.4,,,False,143.44157919158417,0.9760599484158199,37.72975567914427,-0.6943148989449346,0.236,0.9999998903682582,12.252392477205868,7.427155348743161,2026-03-27 03:38:56.269000
XRPUSDT,1598287794.0,1.3657,3.9,,,False,143.5855666054984,0.9761179132656038,37.74461438264832,-0.6936029168990421,0.236,0.9999998903566217,12.282996480565073,7.432120512129792,2026-03-27 03:38:56.269000
XRPUSDT,1598287795.0,1.3657,3.7,,,False,143.72960220218775,0.9761757411936793,37.75946508234269,-0.6928908453665528,0.236,0.9999998903453637,12.313626930562686,7.437085677373335,2026-03-27 03:38:56.269000
XRPUSDT,1598287796.0,1.3657,3.7,,,False,143.87368596546375,0.9762334325069048,37.77430778824157,-0.6921786874230361,0.236,0.9999998903344828,12.344283804635204,7.442050844466906,2026-03-27 03:38:56.269000
XRPUSDT,1598287797.0,1.3658,3.7,,,False,144.11394200169892,0.9763484065132022,37.791358305935866,-1.14982500052455,2.532,0.9999998904331208,-3980.4328633858713,7.447037329881769,2026-03-27 03:38:58.801000
XRPUSDT,1598287798.0,1.3658,7.4,,,False,144.25856179735112,0.9764056898169571,37.80618992066497,-0.6916791514827398,2.532,0.9999998904223794,7997.895006236108,7.452023741142454,2026-03-27 03:38:58.801000
XRPUSDT,1598287799.0,1.3658,36.6,,,False,144.40322882456817,0.9764628377272289,37.82101351514706,-0.6909576962281345,2.532,0.9999998904107057,12.624350587348644,7.457010118027854,2026-03-27 03:38:58.801000
XRPUSDT,1598287800.0,1.3658,3.9,,,False,144.54794352369947,0.9765198505478464,37.83582911007394,-0.6902383626873656,2.532,0.9999998903981011,12.617048814238085,7.461996460572297,2026-03-27 03:38:58.801000
XRPUSDT,1598287801.0,1.3658,73.2,,,False,144.69270587860223,0.9765767285820359,37.85063671561585,-0.6895189737766445,2.532,0.9999998903845717,12.647921486246009,7.466982768809933,2026-03-27 03:38:58.801000
XRPUSDT,1598287802.0,1.3658,73.2,,,False,144.83751587314808,0.9766334721324198,37.8654363419321,-0.6887995325054177,2.532,0.9999998903701194,12.678820171803132,7.471969042775128,2026-03-27 03:38:58.801000
XRPUSDT,1598287803.0,1.3658,4.1,,,False,144.98237349122593,0.97669008150102,37.88022799917117,-0.6880800418903513,2.532,0.9999998903547471,12.709744568038625,7.476955282502013,2026-03-27 03:38:58.801000
XRPUSDT,1598287804.0,1.3658,3.9,,,False,145.12727871674238,0.976746556989256,37.8950116974706,-0.6873605049385569,2.532,0.9999998903384602,12.740694667158609,7.481941488024957,2026-03-27 03:38:58.801000
XRPUSDT,1598287805.0,1.3658,3.9,,,False,145.27223153362158,0.9768028988979484,37.90978744695712,-0.6866409246471872,2.532,0.9999998903212606,12.771670468239884,7.486927659378066,2026-03-27 03:38:58.801000
XRPUSDT,1598287806.0,1.3658,1548.7,,,False,145.41723192580514,0.9768591075273177,37.92455525774652,-0.6859213040041487,2.532,0.9999998903031517,12.802671958236662,7.491913796595696,2026-03-27 03:38:58.801000
XRPUSDT,1598287807.0,1.3658,3.9,,,False,145.56227987725205,0.976915183176986,37.939315139943716,-0.6852016459869168,2.532,0.9999998902841385,12.833699145520361,7.496899899712052,2026-03-27 03:38:58.801000
XRPUSDT,1598287808.0,1.3658,3.9,,,False,145.7073753719389,0.9769711261459775,37.9540671036427,-0.6844819535640116,2.532,0.9999998902642231,12.86475201226518,7.501885968761388,2026-03-27 03:38:58.801000
XRPUSDT,1598287809.0,1.3658,3.9,,,False,145.85251839385953,0.97702693673272,37.96881115892656,-0.683762229693732,2.532,0.9999998902434093,12.895830563471469,7.5068720037780965,2026-03-27 03:38:58.801000
XRPUSDT,1598287810.0,1.3658,1618.6,,,False,145.9977089270253,0.9770826152350446,37.98354731586743,-0.6830424773252332,2.532,0.9999998902217012,12.926934785406223,7.511858004796346,2026-03-27 03:38:58.801000
XRPUSDT,1598287811.0,1.3658,3381.4,,,False,146.14294695546482,0.9771381619501871,37.99827558452653,-0.6823226993974655,2.532,0.999999890199102,12.958064683409507,7.516843971850519,2026-03-27 03:38:58.801000
XRPUSDT,1598287812.0,1.3658,3.8,,,False,146.2882324632241,0.9771935771747899,38.01299597495411,-0.6816028988403023,2.532,0.9999998901756141,12.989220242667024,7.521829904974768,2026-03-27 03:38:58.801000
XRPUSDT,1598287813.0,1.3658,3.7,,,False,146.43356543436633,0.9772488612049007,38.02770849718945,-0.680883078573355,2.532,0.9999998901512429,13.020401470457935,7.526815804203578,2026-03-27 03:38:58.801000
XRPUSDT,1598287814.0,1.3658,0.1,,,False,146.57894585297208,0.9773040143359748,38.04241316126089,-0.680163241507219,0.001,0.99999989012599,13.051608351468703,7.531778626250795,2026-03-27 03:38:58.802000
XRPUSDT,1598287815.0,1.3658,3.7,,,False,146.72393016212908,0.9773590368628752,38.057100192889116,-0.6773771906128424,0.001,0.9999998901005349,50.634731833039524,7.5367414539855595,2026-03-27 03:38:58.802000
XRPUSDT,1598287816.0,1.3658,3.9,,,False,146.86896235207567,0.977413929079874,38.07177944305817,-0.676665223103998,0.001,0.9999998900756476,12.970281540267965,7.541704287396544,2026-03-27 03:38:58.802000
XRPUSDT,1598287817.0,1.3658,3.8,,,False,147.01404240697485,0.9774686912806533,38.08645092153364,-0.6759532323852548,0.001,0.9999998900513253,13.001499366561577,7.546667126472682,2026-03-27 03:38:58.802000
XRPUSDT,1598287818.0,1.3658,3.9,,,False,147.15917031100417,0.9775233237583046,38.1011146380708,-0.6752412213060057,0.001,0.9999998900275642,13.032743705911194,7.551629971202662,2026-03-27 03:38:58.802000
XRPUSDT,1598287819.0,1.3658,3.7,,,False,147.30434604835662,0.977577826805332,38.11577060241459,-0.6745291927129959,0.001,0.9999998900043634,13.064014433033075,7.556592821575464,2026-03-27 03:38:58.802000
XRPUSDT,1598287820.0,1.3659,3.7,,,False,147.54642885037737,0.9776864457745902,38.13252783321472,-1.120473242935717,0.006,0.9999998900902962,-4105.581679409497,7.561555722850894,2026-03-27 03:38:58.808000
XRPUSDT,1598287821.0,1.3659,7.4,,,False,147.69173291558823,0.9777405622788922,38.147164038207805,-0.672102194197693,0.006,0.9999998900681885,8285.292158488559,7.566518629576313,2026-03-27 03:38:58.808000
XRPUSDT,1598287822.0,1.3659,5.5,,,False,147.8370847543227,0.9777945505167139,38.16179252780607,-0.6713906090677162,0.006,0.9999998900466273,13.180373331057737,7.571481541833913,2026-03-27 03:38:58.808000
XRPUSDT,1598287823.0,1.3659,3.9,,,False,147.98248435194787,0.9778484107776285,38.17641331172785,-0.6706790249724501,0.006,0.9999998900256104,13.211671892836595,7.576444459612775,2026-03-27 03:38:58.808000
XRPUSDT,1598287824.0,1.3659,4.1,,,False,148.12793169274548,0.977902143350624,38.19102639965719,-0.669967439617566,0.006,0.9999998900051345,13.243091019376543,7.5814073829019435,2026-03-27 03:38:58.808000
XRPUSDT,1598287825.0,1.3659,3.9,,,False,148.2734267610125,0.9779557485241065,38.20563180126776,-0.669255855785069,0.006,0.9999998899851972,13.274536509598153,7.586370311690517,2026-03-27 03:38:58.808000
XRPUSDT,1598287826.0,1.3659,3.9,,,False,148.41896954106164,0.9780092265859002,38.22022952622286,-0.6685442762488185,0.006,0.9999998899657958,13.306008340313202,7.5913332459676575,2026-03-27 03:38:58.808000
XRPUSDT,1598287827.0,1.3659,75.2,,,False,148.56456001722103,0.9780625778232477,38.23481958417541,-0.6678327037722729,0.006,0.9999998899469271,13.337506530742967,7.596296185722561,2026-03-27 03:38:58.808000
XRPUSDT,1598287828.0,1.3659,2122.0,,,False,148.7101981738343,0.9781158025228114,38.24940198476795,-0.6671211411109519,0.006,0.999999889928588,13.36903105426359,7.601259130944355,2026-03-27 03:38:58.808000
XRPUSDT,1598287829.0,1.3659,2061.8,,,False,148.85588399526046,0.9781689009706741,38.26397673763258,-0.6664095910102816,0.006,0.9999998899107768,13.400581924915764,7.606222081622326,2026-03-27 03:38:58.808000
XRPUSDT,1598287830.0,1.3659,3.9,,,False,149.00161746587398,0.9782218734523398,38.27854385239106,-0.665698056207458,0.006,0.99999988989349,13.432159122052843,7.611185037745706,2026-03-27 03:38:58.808000
XRPUSDT,1598287831.0,1.3659,3.9,,,False,149.14739857006472,0.978274720252735,38.293103338654674,-0.6649865394299249,0.006,0.9999998898767244,13.463762653791226,7.616147999303748,2026-03-27 03:38:58.808000
XRPUSDT,1598287832.0,1.3659,3.8,,,False,149.29322729223796,0.9783274416562086,38.30765520602429,-0.6642750433965916,0.006,0.9999998898604775,13.495392505817028,7.621110966285865,2026-03-27 03:38:58.808000
XRPUSDT,1598287833.0,1.3659,3.9,,,False,149.43910361681426,0.9783800379465335,38.322199464090396,-0.6635635708168703,0.006,0.9999998898447471,13.527048682059002,7.62607393868125,2026-03-27 03:38:58.808000
XRPUSDT,1598287834.0,1.3659,3.7,,,False,149.58502752822952,0.9784325094069078,38.33673612243296,-0.6628521243914747,0.006,0.9999998898295305,13.558731171573688,7.631036916479355,2026-03-27 03:38:58.808000
XRPUSDT,1598287835.0,1.3659,3.9,,,False,149.73099901093485,0.9784848563199543,38.35126519062156,-0.662140706811736,0.006,0.9999998898148235,13.590439976993128,7.635999899669548,2026-03-27 03:38:58.808000
XRPUSDT,1598287836.0,1.3659,3.9,,,False,149.8770180493968,0.9785370789677224,38.365786678215294,-0.6614293207605882,0.006,0.9999998898006253,13.622175082109365,7.640962888241272,2026-03-27 03:38:58.808000
XRPUSDT,1598287837.0,1.3659,3.7,,,False,150.023084628097,0.9785891776316886,38.38030059476278,-0.6607179689112234,0.006,0.9999998897869324,13.653936496824809,7.645925882184011,2026-03-27 03:38:58.808000
XRPUSDT,1598287838.0,1.366,3.7,,,False,150.26662942466618,0.9786930041312628,38.39683485355321,-1.0974008990761783,0.003,0.9999998898818345,-4205.890904112824,7.650888854907499,2026-03-27 03:38:58.811000
XRPUSDT,1598287839.0,1.366,7.4,,,False,150.41282217003499,0.9787447325269674,38.41132949030498,-0.6582964688564099,0.003,0.9999998898691215,8488.653557471853,7.655851832980874,2026-03-27 03:38:58.811000
XRPUSDT,1598287840.0,1.366,5.5,,,False,150.55906239890183,0.9787963380590644,38.42581659221264,-0.6575857800147054,0.003,0.9999998898569066,13.771563102345645,7.6608148164396175,2026-03-27 03:38:58.811000
XRPUSDT,1598287841.0,1.366,8.0,,,False,150.70535009637356,0.9788478210061793,38.44029616878432,-0.6568751404232203,0.003,0.9999998898451875,13.803397655137882,7.665777805273151,2026-03-27 03:38:58.811000
XRPUSDT,1598287842.0,1.366,4.1,,,False,150.85168524701777,0.9788991816463688,38.45476822950612,-0.6561645502093044,0.003,0.9999998898339614,13.835306789282077,7.670740799471098,2026-03-27 03:38:58.811000
XRPUSDT,1598287843.0,1.366,3.9,,,False,150.99806783541698,0.9789504202571233,38.46923278385363,-0.6554540119838854,0.003,0.9999998898232266,13.867242201847503,7.675703799022882,2026-03-27 03:38:58.811000
XRPUSDT,1598287844.0,1.366,367.4,,,False,151.14449784616878,0.9790015371153669,38.48368984129193,-0.6547435283492162,0.003,0.9999998898129794,13.899203884637156,7.680666803918241,2026-03-27 03:38:58.811000
XRPUSDT,1598287845.0,1.366,447.8,,,False,151.290975263886,0.979052532497458,38.49813941127553,-0.6540331018988192,0.092,0.9999998898032177,13.931191830793548,7.685630596389536,2026-03-27 03:38:58.903000
XRPUSDT,1598287846.0,1.366,3.9,,,False,151.43751530668197,0.9791034066791912,38.512581813972346,-0.6533904600064616,0.092,0.9999998897939234,12.631984839166922,7.6905943928297305,2026-03-27 03:38:58.903000
XRPUSDT,1598287847.0,1.366,3.9,,,False,151.58410270927962,0.979154159935797,38.527016746280445,-0.6526798914284767,0.092,0.999999889785064,14.000452887250427,7.695558193229781,2026-03-27 03:38:58.903000
XRPUSDT,1598287848.0,1.366,255.4,,,False,151.7307374563328,0.9792047925419434,38.54144421763011,-0.6519693882821831,0.092,0.9999998897766379,14.032521735893951,7.700521997580971,2026-03-27 03:38:58.903000
XRPUSDT,1598287849.0,1.3659,3.9,,,True,151.77964126645284,0.9792047925419434,38.55388163336819,-0.21802040815937315,0.32,0.9999998896608291,,7.705487799317394,2026-03-27 03:38:59.223000
XRPUSDT,1598287850.0,1.3659,3.9,,,True,151.92637799148008,0.9792553047717364,38.56829907188185,-0.6517114074962974,0.32,0.9999998896532531,-8585.861307529314,7.710453606391889,2026-03-27 03:38:59.223000
XRPUSDT,1598287851.0,1.3659,3.9,,,True,152.0731620423444,0.9793056968987208,38.582709066802984,-0.6510001450623174,0.32,0.9999998896459894,14.114554723989475,7.715419413932177,2026-03-27 03:38:59.223000
XRPUSDT,1598287852.0,1.3659,3.9,,,True,152.21999334446826,0.979355969195882,38.59711162634484,-0.6502886948519471,0.32,0.9999998896390362,14.151933580631784,7.720385221933891,2026-03-27 03:38:59.223000
XRPUSDT,1598287853.0,1.3659,3.9,,,True,152.3668718825764,0.9794061219356446,38.6115067599136,-0.6495773223181401,0.32,0.9999998896323914,14.184121090375102,7.725351030392409,2026-03-27 03:38:59.223000
XRPUSDT,1598287854.0,1.3659,3.9,,,True,152.51379764140844,0.9794561553898758,38.625894476904755,-0.6488660299848248,0.32,0.9999998896260556,14.216334735306463,7.7303168393033,2026-03-27 03:38:59.223000
XRPUSDT,1598287855.0,1.3659,225.0,,,True,152.66077060571908,0.979506069829885,38.64027478670314,-0.6481548203671492,0.32,0.9999998896200262,14.248574511615415,7.735282648662108,2026-03-27 03:38:59.223000
XRPUSDT,1598287856.0,1.3659,3.9,,,True,152.807790760278,0.9795558655264242,38.65464769868292,-0.6474436959713088,0.32,0.9999998896143016,14.280840419230145,7.740248458464484,2026-03-27 03:38:59.223000
XRPUSDT,1598287857.0,1.3659,3.9,,,True,152.95485808986962,0.9796055427496896,38.66901322220759,-0.6467326592947622,0.32,0.999999889608881,14.313132454030953,7.745214268705924,2026-03-27 03:38:59.223000
XRPUSDT,1598287858.0,1.3659,3.7,,,False,153.10197257929343,0.9796551017693226,38.68337136662995,-0.6460217128266164,2.954,0.9999998896037628,14.34545060436442,7.750202928719136,2026-03-27 03:39:02.177000
XRPUSDT,1598287859.0,1.3659,3.9,,,False,153.24958079427387,0.9797045428544094,38.69773099379739,-0.6472634006532263,2.954,0.9999998895985753,-25.11449383500297,7.755191549426471,2026-03-27 03:39:02.177000
XRPUSDT,1598287860.0,1.3659,3.9,,,False,153.39723565089645,0.9797538662734849,38.71208320863859,-0.6465449373176391,2.954,0.9999998895923845,14.566373318274268,7.76018013066824,2026-03-27 03:39:02.177000
XRPUSDT,1598287861.0,1.3659,2.3,,,False,153.54493713007176,0.9798030722945289,38.726428020610676,-0.6458265705138013,2.954,0.9999998895851935,14.599164667182606,7.765168672488265,2026-03-27 03:39:02.177000
XRPUSDT,1598287862.0,1.3659,1.6,,,False,153.69268521670597,0.9798521611849709,38.74076543923848,-0.6451083201255788,2.768,0.9999998895770063,14.631628088467743,7.770155568554135,2026-03-27 03:39:04.945000
XRPUSDT,1598287863.0,1.3659,3.9,,,False,153.84044845872032,0.9799011332116887,38.75509485680602,-0.6442535258935012,2.768,0.9999998895678528,17.45474486900199,7.775142428096193,2026-03-27 03:39:04.945000
XRPUSDT,1598287864.0,1.3659,3.9,,,False,153.98825831277813,0.9799499886410105,38.769416903678014,-0.6435360585498585,2.768,0.9999998895578026,14.685519165483978,7.780129251168132,2026-03-27 03:39:04.945000
XRPUSDT,1598287865.0,1.3659,3.9,,,False,154.13611476409082,0.9799987277387151,38.78373158933505,-0.6428187149177097,2.768,0.999999889546859,14.718032666421177,7.785116037810521,2026-03-27 03:39:04.945000
XRPUSDT,1598287866.0,1.3659,174.2,,,False,154.28401779762436,0.9800473507700332,38.79803892324116,-0.6421014962825677,2.768,0.9999998895350252,14.750594845664843,7.790102788063712,2026-03-27 03:39:04.945000
XRPUSDT,1598287867.0,1.3658,3.9,,,True,154.33362302627913,0.9800473507700332,38.81042415061119,-0.2159372452779071,4.688,0.9999998894148451,,7.795105966195783,2026-03-27 03:39:09.633000
XRPUSDT,1598287868.0,1.3658,2.9,,,True,154.48191055121475,0.9800958579996477,38.82472705531,-0.6430475495081549,4.688,0.9999998894009673,-8805.085502199912,7.800109149505907,2026-03-27 03:39:09.633000
XRPUSDT,1598287869.0,1.3658,7.4,,,True,154.630245136042,0.980144249691695,38.83902260902811,-0.6423283109697562,1.183,0.9999998893852411,14.862851617088966,7.805082198734877,2026-03-27 03:39:10.816000
XRPUSDT,1598287870.0,1.3658,3.9,,,True,154.77803648419084,0.9801925261097655,38.853299397303005,-0.6390643779816385,1.183,0.999999889368226,67.60926180050284,7.810055235511248,2026-03-27 03:39:10.816000
XRPUSDT,1598287871.0,1.3658,3.9,,,True,154.92587464493337,0.9802406875169051,38.867568904008984,-0.6383517930643219,1.183,0.9999998893511315,14.795766146351879,7.815028259952527,2026-03-27 03:39:10.816000
XRPUSDT,1598287872.0,1.3658,3.9,,,True,155.07375960536675,0.9802887341756146,38.88183113846581,-0.6376393448907124,1.183,0.9999998893339574,14.82825638130439,7.82000127207006,2026-03-27 03:39:10.816000
XRPUSDT,1598287873.0,1.3658,3.9,,,True,155.22169135051638,0.9803366663478521,38.89608610994176,-0.6369270268204679,1.183,0.9999998893167067,14.86095949740382,7.824974271874802,2026-03-27 03:39:10.816000
XRPUSDT,1598287874.0,1.3658,3.9,,,True,155.36966986542268,0.9803844842950338,38.91033382769416,-0.6362148412143174,1.183,0.9999998892993789,14.893688418800771,7.829947259378023,2026-03-27 03:39:10.816000
XRPUSDT,1598287875.0,1.3658,7326.8,,,True,155.51769513514083,0.9804321882780335,38.92457430096936,-0.6355027904239041,1.183,0.9999998892819757,14.92644315293036,7.834920234590943,2026-03-27 03:39:10.816000
XRPUSDT,1598287876.0,1.3658,3.7,,,True,155.66576714474107,0.9804797785571848,38.93880753900271,-0.6347908767925918,1.183,0.999999889264498,14.959223690370385,7.83989319752465,2026-03-27 03:39:10.816000
XRPUSDT,1598287877.0,1.3658,432.5,,,True,155.81388587930843,0.9805272553922811,38.95303355101863,-0.6340791026553183,1.183,0.9999998892469475,14.992030025370253,7.844866148190439,2026-03-27 03:39:10.816000
XRPUSDT,1598287878.0,1.3658,3.8,,,True,155.96205132394286,0.980574619042577,38.96725234623053,-0.633367470338506,1.183,0.9999998892293244,15.02486215413036,7.849839086599531,2026-03-27 03:39:10.816000
XRPUSDT,1598287879.0,1.3658,13.5,,,True,156.11026346375908,0.980621869766789,38.98146393384082,-0.6326559821597995,1.183,0.9999998892116301,15.057720078846831,7.8548120127631496,2026-03-27 03:39:10.816000
XRPUSDT,1598287880.0,1.3658,3.9,,,True,156.25852228388666,0.9806690078230954,38.99566832304096,-0.6319446404284172,1.183,0.9999998891938652,15.090603794911608,7.859784926692528,2026-03-27 03:39:10.816000
XRPUSDT,1598287881.0,1.3658,3.8,,,True,156.40682776946986,0.9807160334691394,39.009865523011385,-0.6312334474454215,1.183,0.9999998891760319,15.123513291676298,7.8647578283988695,2026-03-27 03:39:10.816000
XRPUSDT,1598287882.0,1.3658,3.9,,,True,156.55517990566787,0.9807629469620276,39.02405554292158,-0.6305224055031535,0.002,0.9999998891581293,15.156448571465745,7.869720732790996,2026-03-27 03:39:10.818000
XRPUSDT,1598287883.0,1.3658,3.9,,,True,156.7033821238144,0.9808097485583321,39.038234704282715,-0.6289798240569355,0.002,0.9999998891403259,32.96001777760178,7.87468364251783,2026-03-27 03:39:10.818000
XRPUSDT,1598287884.0,1.3658,3.7,,,True,156.85163118283785,0.9808564385140909,39.05240672561337,-0.6282724221003542,0.002,0.9999998891230288,15.151052192825594,7.87964655756933,2026-03-27 03:39:10.818000
XRPUSDT,1598287885.0,1.3658,3.8,,,True,156.9999270679108,0.9809030170848095,39.06657161595943,-0.627565170710483,0.002,0.9999998891062353,15.184050926402643,7.884609477935352,2026-03-27 03:39:10.818000
XRPUSDT,1598287886.0,1.3658,3.9,,,True,157.14826976421875,0.9809494845254606,39.08072938435604,-0.6268580721409165,0.002,0.9999998890899426,15.217075863426228,7.889572403605933,2026-03-27 03:39:10.818000
XRPUSDT,1598287887.0,1.3658,3.7,,,True,157.2966592569613,0.9809958410904855,39.09488003982766,-0.6261511286409371,0.002,0.9999998890741479,15.250126915119774,7.894535334570984,2026-03-27 03:39:10.818000
XRPUSDT,1598287888.0,1.3658,501.9,,,False,157.44509553135217,0.9810420870337954,39.10902359138802,-0.6254443424525332,2.328,0.9999998890588495,15.283204056816063,7.899517804206634,2026-03-27 03:39:13.146000
XRPUSDT,1598287889.0,1.3658,14.3,,,False,157.5939638251645,0.9810882226087712,39.12316717315423,-0.6263538008522891,4.976,0.9999998890437517,-19.712735784328622,7.904522457212285,2026-03-27 03:39:18.122000
XRPUSDT,1598287890.0,1.3658,5.0,,,False,157.74331666980424,0.9811342480682659,39.13731171240025,-0.6274764584125694,3.359,0.9999998890276942,-24.392098907974148,7.9095134933309925,2026-03-27 03:39:21.481000
XRPUSDT,1598287891.0,1.3658,5.3,,,False,157.89244793515414,0.9811801636646034,39.15144416338804,-0.6256378702574292,0.305,0.9999998890099557,40.042780706282024,7.914478925235707,2026-03-27 03:39:21.786000
XRPUSDT,1598287892.0,1.3658,3.7,,,False,158.04112069877914,0.9812259696495815,39.16556022083147,-0.6228149008020076,1.817,0.9999998889915107,61.628834240051745,7.919456997821934,2026-03-27 03:39:23.603000
XRPUSDT,1598287893.0,1.3658,3.9,,,False,158.19008972698853,0.9812716662744707,39.17967378649117,-0.6231491260638351,1.817,0.9999998889732339,-7.31400322535873,7.9244350490148605,2026-03-27 03:39:23.603000
XRPUSDT,1598287894.0,1.3658,3.9,,,False,158.33910511142193,0.9813172537900171,39.19378026992436,-0.6224383118388532,1.817,0.9999998889545967,15.592300138805225,7.929413078769963,2026-03-27 03:39:23.603000
XRPUSDT,1598287895.0,1.3658,3.9,,,False,158.48816683611665,0.9813627324464418,39.207879680180646,-0.6217276760848824,1.817,0.9999998889356013,15.625698071087832,7.9343910871103,2026-03-27 03:39:23.603000
XRPUSDT,1598287896.0,1.3658,3.9,,,False,158.63727488645836,0.9814081024934415,39.22197202632298,-0.6210172265476617,1.817,0.9999998889162501,15.658999366386425,7.939369074058957,2026-03-27 03:39:23.603000
XRPUSDT,1598287897.0,1.3658,4.4,,,False,158.78642924784774,0.9814533641801911,39.23605731740313,-0.6203069653949919,1.817,0.9999998888965457,15.692326196281199,7.94434703963886,2026-03-27 03:39:23.603000
XRPUSDT,1598287898.0,1.3658,3.9,,,False,158.93562990569987,0.9814985177553429,39.25013556246168,-0.6195968947851322,1.817,0.9999998888764898,15.725678586308574,7.949324983873165,2026-03-27 03:39:23.603000
XRPUSDT,1598287899.0,1.3658,3.9,,,False,159.0848768454446,0.9815435634670281,39.26420677052805,-0.6188870168694448,1.817,0.999999888856085,15.759056503508267,7.954302906784885,2026-03-27 03:39:23.603000
XRPUSDT,1598287900.0,1.3658,1661.4,,,False,159.23417005252637,0.9815885015628574,39.27827095062045,-0.6181773337896782,1.817,0.9999998888353338,15.79245997566597,7.9592808083970645,2026-03-27 03:39:23.603000
XRPUSDT,1598287901.0,1.3658,400.0,,,False,159.3835095124042,0.9816333322899223,39.29232811174597,-0.6174678476803541,0.139,0.9999998888142373,15.825888977799645,7.964244804620137,2026-03-27 03:39:23.742000
XRPUSDT,1598287902.0,1.3658,800.0,,,False,159.5326202363372,0.9816780558947955,39.306373333416246,-0.6156267239875997,0.001,0.9999998887930064,41.16671046476237,7.969207663629872,2026-03-27 03:39:23.743000
XRPUSDT,1598287903.0,1.3658,200.0,,,False,159.68175490215665,0.9817226726235321,39.32041117919831,-0.6148293617721742,0.001,0.9999998887722424,17.871373316797005,7.974170527968152,2026-03-27 03:39:23.743000
XRPUSDT,1598287904.0,1.3658,177.1,,,False,159.830936116431,0.9817671827216696,39.334442064436715,-0.6141254403292111,0.948,0.999999888751991,15.814870611781089,7.979141206418186,2026-03-27 03:39:24.691000
XRPUSDT,1598287905.0,1.3658,21.0,,,False,159.9803186651917,0.9818115864342306,39.348468753251545,-0.6140561181649586,0.001,0.9999998887321403,1.5611794657323126,7.984104076529924,2026-03-27 03:39:24.692000
XRPUSDT,1598287906.0,1.3658,490.5,,,False,160.12959288464165,0.9818558840057213,39.36248573643876,-0.6127170575443995,0.002,0.9999998887124644,30.228759173396096,7.989066960173421,2026-03-27 03:39:24.694000
XRPUSDT,1598287907.0,1.3658,56.6,,,False,160.2789137721668,0.9819000756801338,39.376495788450335,-0.6120143932405012,0.008,0.9999998886932956,15.900377463398561,7.994029898402298,2026-03-27 03:39:24.702000
XRPUSDT,1598287908.0,1.3658,97.4,,,False,160.4282821282238,0.9819441617009476,39.390498932464965,-0.6113152517255682,0.626,0.9999998886746299,15.85857607532428,7.998997914393794,2026-03-27 03:39:25.328000
XRPUSDT,1598287909.0,1.3658,83.7,,,False,160.5777976449167,0.9819881423111281,39.404496934915926,-0.6110225330125078,0.933,0.9999998886563964,6.65563101237158,8.003968443565759,2026-03-27 03:39:26.261000
XRPUSDT,1598287910.0,1.3658,1012.3,,,False,160.72740948231305,0.9820320177531298,39.41848889795984,-0.6105214398952403,0.056,0.9999998886383427,11.420810695153635,8.00893178255574,2026-03-27 03:39:26.317000
XRPUSDT,1598287911.0,1.3658,3.8,,,False,160.8769249480812,0.9820757882688953,39.432471443532854,-0.6092369275051617,0.056,0.9999998886204505,29.346521685036553,8.01389512601279,2026-03-27 03:39:26.317000
XRPUSDT,1598287912.0,1.3658,3.8,,,False,161.02648683612512,0.9821194540998582,39.4464470980222,-0.6085344735202424,0.056,0.9999998886030312,16.087040356922568,8.018858473929255,2026-03-27 03:39:26.317000
XRPUSDT,1598287913.0,1.3658,42.9,,,False,161.17609513202598,0.9821630154869418,39.46041587017597,-0.607832230639402,0.056,0.9999998885860812,16.120764921753292,8.023821826296263,2026-03-27 03:39:26.317000
XRPUSDT,1598287914.0,1.3658,3.7,,,False,161.32574982135526,0.9822064726705617,39.47437776873112,-0.6071302007997078,0.056,0.9999998885695991,16.154517647416384,8.028785183105189,2026-03-27 03:39:26.317000
XRPUSDT,1598287915.0,1.3658,3.9,,,False,161.4754508896982,0.9822498258906252,39.4883328024138,-0.6064283860251822,0.056,0.9999998885535819,16.188296359501376,8.03374854434726,2026-03-27 03:39:26.317000
XRPUSDT,1598287916.0,1.3658,3.9,,,False,161.6251983226533,0.9822930753865333,39.502280979939485,-0.6057267883316092,0.056,0.9999998885380275,16.22210106362147,8.038711910013895,2026-03-27 03:39:26.317000
XRPUSDT,1598287917.0,1.3658,3.9,,,False,161.77499210583255,0.9823362213971807,39.51622231001285,-0.605025409726879,0.056,0.9999998885229335,16.255931758386257,8.043675280096146,2026-03-27 03:39:26.317000
XRPUSDT,1598287918.0,1.3658,3.9,,,False,161.92483222486143,0.9823792641609573,39.53015680132781,-0.6043242522112073,0.056,0.9999998885082985,16.289788437147447,8.048638654585545,2026-03-27 03:39:26.317000
XRPUSDT,1598287919.0,1.3658,3.9,,,False,162.07471866537892,0.9824222039157492,39.54408446256757,-0.6036233177772123,0.056,0.9999998884941187,16.32367109203595,8.053602033473464,2026-03-27 03:39:26.317000
XRPUSDT,1598287920.0,1.3658,3.9,,,False,162.22465141303724,0.9824650408989377,39.55800530240456,-0.6029226084095323,0.056,0.9999998884803928,16.357579724891576,8.058565416751312,2026-03-27 03:39:26.317000
XRPUSDT,1598287921.0,1.3658,3.8,,,False,162.37463045350205,0.9825077753474029,39.57191932950043,-0.6022221260848375,0.056,0.999999888467119,16.391514336873644,8.063528804410446,2026-03-27 03:39:26.317000
XRPUSDT,1598287922.0,1.3658,3.7,,,False,162.5246557724524,0.9825504074975226,39.58582655250615,-0.6015218727723349,0.056,0.9999998884542938,16.425474918222907,8.068492196442293,2026-03-27 03:39:26.317000
XRPUSDT,1598287923.0,1.3658,3.9,,,False,162.67472735558061,0.9825929375851742,39.59972698006186,-0.6008218504334913,0.056,0.999999888441916,16.45946146594118,8.073455592838341,2026-03-27 03:39:26.317000
XRPUSDT,1598287924.0,1.3659,3.7,,,False,162.92496111390795,0.9826776925140814,39.61532130110168,-0.9978294355529684,0.056,0.9999998885364909,-4684.182858013358,8.078418993867686,2026-03-27 03:39:26.317000
XRPUSDT,1598287925.0,1.3659,3.9,,,False,163.07515598828485,0.9827199178245948,39.62920461570162,-0.5984775082502658,0.056,0.9999998885249796,9457.6433529482,8.0833823984401,2026-03-27 03:39:26.317000
XRPUSDT,1598287926.0,1.3659,3.7,,,False,163.22539706406465,0.9827620420111565,39.64308116725517,-0.5977788254730527,0.056,0.9999998885139079,16.586261581334433,8.088345807351834,2026-03-27 03:39:26.317000
XRPUSDT,1598287927.0,1.3659,3.7,,,False,163.37568433745727,0.982804065307152,39.656950964526956,-0.5970804243222243,0.056,0.9999998885032738,16.61938061455607,8.093309220594271,2026-03-27 03:39:26.317000
XRPUSDT,1598287928.0,1.3659,7.4,,,False,163.52601779423026,0.9828459879454711,39.67081401609343,-0.5963822651158586,0.056,0.9999998884930762,16.65351309840422,8.098272638159022,2026-03-27 03:39:26.317000
XRPUSDT,1598287929.0,1.3659,3.9,,,False,163.67639742016416,0.9828878101585083,39.684670330520355,-0.5956843497616164,0.056,0.9999998884833117,16.68767154000259,8.103236060037805,2026-03-27 03:39:26.317000
XRPUSDT,1598287930.0,1.3659,3.9,,,False,163.826823201053,0.9829295321781646,39.6985199163627,-0.5949866801604234,0.056,0.9999998884739787,16.721855915443523,8.108199486222095,2026-03-27 03:39:26.317000
XRPUSDT,1598287931.0,1.3659,3.7,,,False,163.97729512270377,0.9829711542358469,39.712362782164725,-0.5942892582049697,0.056,0.9999998884650746,16.756066237204706,8.113162916703613,2026-03-27 03:39:26.317000
XRPUSDT,1598287932.0,1.3659,3.9,,,False,164.1278131709366,0.9830126765624702,39.72619893645994,-0.5935920857805494,0.056,0.9999998884565979,16.790302497884657,8.118126351473988,2026-03-27 03:39:26.317000
XRPUSDT,1598287933.0,1.3659,5.0,,,True,164.27837733158486,0.9830540993884579,39.74002838777108,-0.592895164764913,0.884,0.9999998884485461,16.824564693939347,8.123096384532902,2026-03-27 03:39:27.201000
XRPUSDT,1598287934.0,1.366,195.3,,,False,164.52954309388912,0.9831366474577666,39.75551483518273,-0.9850859777485477,1.94,0.9999998885470189,-4751.059791801884,8.128074819401713,2026-03-27 03:39:29.141000
XRPUSDT,1598287935.0,1.366,21.9,,,False,164.68053038540728,0.9831777731594841,39.76933237723516,-0.5917373643570057,4.679,0.9999998885393369,9564.544724224457,8.133074940045535,2026-03-27 03:39:33.820000
XRPUSDT,1598287936.0,1.3659,73.2,,,True,164.73151377949802,0.9831777731594841,39.781495854407105,-0.200358398793755,1.577,0.9999998884250345,,8.138050404143248,2026-03-27 03:39:35.397000
XRPUSDT,1598287937.0,1.366,27.4,,,False,164.98301904106137,0.9832597290393721,39.796953553182206,-0.98202008861338,0.297,0.9999998885215471,-9537.591334357721,8.143015729054666,2026-03-27 03:39:35.694000
XRPUSDT,1598287938.0,1.366,14.0,,,False,165.1338820874844,0.9833005596730123,39.81074672780252,-0.58861848420416,0.297,0.9999998885118155,9634.962020806834,8.147981050619995,2026-03-27 03:39:35.694000
XRPUSDT,1598287939.0,1.366,59.2,,,False,165.28479105218204,0.9833412924052858,39.82453325245466,-0.5879229851672977,4.049,0.9999998885024107,17.07469639387733,8.152976007035827,2026-03-27 03:39:39.743000
XRPUSDT,1598287940.0,1.366,3.1,,,False,165.43634031395652,0.9833819274627138,39.83832281724613,-0.5895329413271391,4.049,0.9999998884931418,-39.61988149501964,8.157970911292628,2026-03-27 03:39:39.743000
XRPUSDT,1598287941.0,1.3659,7.8,,,True,165.48729657689177,0.9833819274627138,39.85046846412106,-0.19877178484240055,4.923,0.999999888376626,,8.162972626162832,2026-03-27 03:39:44.666000
XRPUSDT,1598287942.0,1.3659,283.2,,,True,165.6390433978257,0.983422465071333,39.86425034662926,-0.5895945861469439,0.215,0.9999998883648036,-9640.99300912549,8.167937249730052,2026-03-27 03:39:44.881000
XRPUSDT,1598287943.0,1.366,70.1,,,False,165.8907914845875,0.9835032488438766,39.87964383717905,-0.9742114021985238,1.009,0.9999998884575592,-4761.065297413956,8.172908128923334,2026-03-27 03:39:45.890000
XRPUSDT,1598287944.0,1.366,173.3,,,False,166.0420421039109,0.9835434954574617,39.893398975887344,-0.5848713818807794,1.009,0.9999998884446858,9673.857888567494,8.17787898476438,2026-03-27 03:39:45.890000
XRPUSDT,1598287945.0,1.366,3.9,,,False,166.19333829286455,0.9835836455215616,39.9071475024411,-0.5841752175893719,0.223,0.9999998884318502,17.339058031743722,8.182843667704166,2026-03-27 03:39:46.113000
XRPUSDT,1598287946.0,1.366,7.4,,,False,166.34455637452473,0.9836236992598052,39.92088743993556,-0.5830040285477927,0.223,0.9999998884190946,29.24044278856941,8.18780835260716,2026-03-27 03:39:46.113000
XRPUSDT,1598287947.0,1.366,3.7,,,False,166.49582033225465,0.9836636568953422,39.934620797065485,-0.5823111406093653,0.223,0.9999998884067088,17.340564052793294,8.192773039471975,2026-03-27 03:39:46.113000
XRPUSDT,1598287948.0,1.366,4.1,,,False,166.64713015217635,0.9837035186508452,39.94834758219369,-0.5816185337736226,0.223,0.9999998883946901,17.375221612884413,8.19773772829345,2026-03-27 03:39:46.113000
XRPUSDT,1598287949.0,1.366,91.7,,,False,166.79848582034705,0.9837432847485079,39.96206780367101,-0.5809262094929724,0.223,0.9999998883830368,17.409912496858677,8.202702419066242,2026-03-27 03:39:46.113000
XRPUSDT,1598287950.0,1.366,3.9,,,False,166.9498873228366,0.9837829554100491,39.97578146983752,-0.5802341695108802,0.223,0.9999998883717472,17.44462923496619,8.207667111785312,2026-03-27 03:39:46.113000
XRPUSDT,1598287951.0,1.366,3.9,,,False,167.1013346457278,0.9838225308567109,39.98948858902256,-0.5795424155648778,0.223,0.9999998883608204,17.479371791159544,8.212631806445387,2026-03-27 03:39:46.113000
XRPUSDT,1598287952.0,1.366,3.9,,,False,167.2528277751163,0.9838620113092605,40.00318916954474,-0.578850949383853,0.223,0.9999998883502544,17.514140197744716,8.217596503041312,2026-03-27 03:39:46.113000
XRPUSDT,1598287953.0,1.366,3.9,,,False,167.40436669711045,0.9839013969879914,40.01688321971195,-0.5781597726904749,0.223,0.9999998883400474,17.548934426172885,8.22256120156792,2026-03-27 03:39:46.113000
XRPUSDT,1598287954.0,1.366,3.9,,,False,167.5559513978313,0.9839406881127241,40.03057074782134,-0.5774688871994071,0.223,0.9999998883301978,17.583754493375192,8.227525902020112,2026-03-27 03:39:46.113000
XRPUSDT,1598287955.0,1.366,139.1,,,False,167.7075818634128,0.983979884902806,40.04425176215935,-0.5767782946189278,0.223,0.9999998883207046,17.6186003761078,8.232490604392806,2026-03-27 03:39:46.113000
XRPUSDT,1598287956.0,1.366,505.9,,,False,167.85925808000147,0.984018987577114,40.057926271001655,-0.5760879966490988,0.223,0.9999998883115653,17.653472097344306,8.237455308680877,2026-03-27 03:39:46.113000
XRPUSDT,1598287957.0,1.366,243.8,,,False,168.0109800337566,0.9840579963540534,40.07159428261326,-0.575397994983847,0.005,0.9999998883027792,17.68836962829043,8.242418329626059,2026-03-27 03:39:46.118000
XRPUSDT,1598287958.0,1.366,199.8,,,False,168.1627137230087,0.98409691145156,40.08525527509269,-0.5745799809133718,0.001,0.9999998882943506,21.020481070050714,8.24738132462453,2026-03-27 03:39:46.119000
XRPUSDT,1598287959.0,1.366,200.5,,,False,168.31449253921713,0.9841357330871006,40.0989097803205,-0.5738887664016783,0.001,0.999999888286359,17.804878698911928,8.252344324607899,2026-03-27 03:39:46.120000
XRPUSDT,1598287960.0,1.366,800.0,,,False,168.46631709238284,0.9841744614776735,40.11255781626963,-0.5732002104559063,0.011,0.9999998882788049,17.77910043731348,8.25730740659487,2026-03-27 03:39:46.131000
XRPUSDT,1598287961.0,1.366,400.0,,,False,168.61818892360955,0.9842130968398101,40.126199415228264,-0.5725177998505111,0.011,0.999999888271684,17.662849981405692,8.262270493410092,2026-03-27 03:39:46.131000
XRPUSDT,1598287962.0,1.366,200.0,,,False,168.7701064623409,0.9842516393895745,40.13983456116982,-0.5718298243305779,0.011,0.9999998882649918,17.849766664063797,8.267233585044806,2026-03-27 03:39:46.131000
XRPUSDT,1598287963.0,1.366,300.3,,,False,168.92206969479818,0.9842900893425659,40.15346326228193,-0.5711421538383528,0.002,0.9999998882587259,17.88482010313295,8.272196612415014,2026-03-27 03:39:46.133000
XRPUSDT,1598287964.0,1.366,200.0,,,False,169.07407721155172,0.9843284469139181,40.16708550528314,-0.5704495684213656,0.001,0.999999888252884,18.05602890308729,8.277159637045814,2026-03-27 03:39:46.134000
XRPUSDT,1598287965.0,1.366,800.0,,,False,169.22613024124703,0.9843667123183004,40.1807013175505,-0.5697619560955626,0.001,0.9999998882474675,17.969555971041792,8.282122666608224,2026-03-27 03:39:46.134000
XRPUSDT,1598287966.0,1.366,400.0,,,False,169.37822892526236,0.9844048857699198,40.194310709629804,-0.5690752348766548,0.001,0.9999998882424748,17.989497668559984,8.287085701093186,2026-03-27 03:39:46.134000
XRPUSDT,1598287967.0,1.366,610.6,,,False,169.53037324986826,0.9844429674825206,40.20791368966549,-0.568388825160864,0.001,0.9999998882379031,18.024654589110252,8.2920487404919,2026-03-27 03:39:46.135000
XRPUSDT,1598287968.0,1.366,418.0,,,False,169.6825632013477,0.9844809576693848,40.22151026579133,-0.5677027285644205,0.001,0.9999998882337509,18.059837370513232,8.297011784795588,2026-03-27 03:39:46.135000
XRPUSDT,1598287969.0,1.366,511.0,,,False,169.8347987659959,0.9845188565433342,40.23510044613049,-0.5670169466968196,0.001,0.9999998882300155,18.095046003679773,8.301974833995367,2026-03-27 03:39:46.135000
XRPUSDT,1598287970.0,1.366,10.6,,,False,169.9870799301205,0.9845566643167305,40.24868423879546,-0.5663314811605318,0.001,0.9999998882266964,18.130280487610097,8.30693788808253,2026-03-27 03:39:46.136000
XRPUSDT,1598287971.0,1.366,3.8,,,False,170.13940668004156,0.9845943812014767,40.262261651888196,-0.5656463335514357,0.001,0.9999998882237889,18.16554081034978,8.311900947048303,2026-03-27 03:39:46.136000
XRPUSDT,1598287972.0,1.366,3.7,,,False,170.2917790020914,0.9846320074090164,40.275832693499936,-0.5649615054581225,0.001,0.9999998882212929,18.200826979206617,8.31686401088391,2026-03-27 03:39:46.136000
XRPUSDT,1598287973.0,1.366,3.9,,,False,170.44419688261473,0.9846695431503367,40.28939737171137,-0.5642769984622671,0.001,0.9999998882192057,18.236138991184156,8.321827079580654,2026-03-27 03:39:46.136000
XRPUSDT,1598287974.0,1.366,3.9,,,False,170.59666030796842,0.9847069886359676,40.30295569459251,-0.563592814138698,0.001,0.9999998882175253,18.271476842715042,8.32679015312984,2026-03-27 03:39:46.136000
XRPUSDT,1598287975.0,1.366,3.9,,,False,170.7491692645217,0.9847443440759833,40.31650767020285,-0.5629089540555893,0.001,0.9999998882162494,18.306840524999114,8.33175323152273,2026-03-27 03:39:46.136000
XRPUSDT,1598287976.0,1.366,3.9,,,False,170.9017237386562,0.9847816096800031,40.33005330659119,-0.5622254197739881,0.001,0.9999998882153758,18.342230042460862,8.336716314750825,2026-03-27 03:39:46.136000
XRPUSDT,1598287977.0,1.366,3.9,,,False,171.05432371676545,0.9848187856571917,40.34359261179578,-0.5615422128479424,0.001,0.9999998882149027,18.377645396610205,8.341679402805289,2026-03-27 03:39:46.136000
XRPUSDT,1598287978.0,1.366,3.9,,,False,171.2069691852555,0.9848558722162608,40.35712559384423,-0.5608593348250447,0.001,0.9999998882148278,18.413086574722463,8.346642495677633,2026-03-27 03:39:46.136000
XRPUSDT,1598287979.0,1.366,3.8,,,False,171.35966013054448,0.984892869565469,40.370652260753616,-0.560176787245952,0.001,0.99999988821515,18.4485535775202,8.351605593359226,2026-03-27 03:39:46.136000
XRPUSDT,1598287980.0,1.366,3.7,,,False,171.5123965390627,0.984929777912624,40.38417262053037,-0.5594945716442304,0.001,0.9999998882158663,18.484046409744554,8.356568695841508,2026-03-27 03:39:46.136000
XRPUSDT,1598287981.0,1.366,3.9,,,False,171.6651783972527,0.9849665974650816,40.39768668117038,-0.5588126895471317,0.001,0.9999998882169749,18.519565056744042,8.361531803115877,2026-03-27 03:39:46.136000
XRPUSDT,1598287982.0,1.3661,3.7,,,False,171.9198926368726,0.9850399710130799,40.41269277926227,-0.9278575240479909,0.103,0.9999998883233033,-5029.671381155021,8.36649568066841,2026-03-27 03:39:46.239000
XRPUSDT,1598287983.0,1.3661,7.4,,,False,172.07281117532628,0.9850765254210855,40.42619133453563,-0.5566048873290221,0.103,0.9999998883251603,10156.166026890694,8.371459560206825,2026-03-27 03:39:46.239000
XRPUSDT,1598287984.0,1.3661,3.9,,,False,172.22577507586686,0.9851129918593253,40.439683619068006,-0.5559244454819204,0.103,0.9999998883273655,18.659399709571698,8.376423443127605,2026-03-27 03:39:46.239000
XRPUSDT,1598287985.0,1.3661,4.1,,,False,172.37878434411533,0.9851493705329131,40.45316964108998,-0.5552444141418132,0.103,0.9999998883299173,18.693131800612974,8.381387329424035,2026-03-27 03:39:46.239000
XRPUSDT,1598287986.0,1.3661,3.9,,,False,172.53183896659047,0.9851856616465164,40.466649408540796,-0.5545647253279686,0.103,0.9999998883328138,18.728794637524924,8.386351219089654,2026-03-27 03:39:46.239000
XRPUSDT,1598287987.0,1.3661,3.9,,,False,172.684938929823,0.9852218654043571,40.48012292934913,-0.553885380520219,0.103,0.9999998883360537,18.76448325447469,8.391315112117699,2026-03-27 03:39:46.239000
XRPUSDT,1598287988.0,1.3661,3.9,,,False,172.83808422035577,0.9852579820102138,40.49359021143307,-0.5532063811915114,0.103,0.9999998883396352,18.80019765428937,8.396279008501617,2026-03-27 03:39:46.239000
XRPUSDT,1598287989.0,1.3661,641.3,,,False,172.9912748247435,0.9852940116674199,40.50705126270018,-0.552527728808446,0.103,0.999999888343557,18.835937827051303,8.401242908234808,2026-03-27 03:39:46.239000
XRPUSDT,1598287990.0,1.3661,256.5,,,False,173.14451072955322,0.9853299545788673,40.520506091047444,-0.5518494248309203,0.624,0.9999998883478163,18.871703771658396,8.406210676161582,2026-03-27 03:39:46.863000
XRPUSDT,1598287991.0,1.366,13.9,,,True,173.19571169370712,0.9853299545788673,40.53248572683447,-0.18489967601949847,2.937,0.9999998882478986,,8.411195564650821,2026-03-27 03:39:49.800000
XRPUSDT,1598287992.0,1.366,11.7,,,True,173.3494358136885,0.985365810947005,40.54593738432524,-0.5529225092503645,2.067,0.9999998882527612,-10263.806747440105,8.416174012024694,2026-03-27 03:39:51.867000
XRPUSDT,1598287993.0,1.3661,1511.4,,,False,173.60529319957521,0.985437264860944,40.56084480459483,-0.9165334787914807,1.954,0.9999998883613678,-5088.748110452263,8.421151608500951,2026-03-27 03:39:53.821000
XRPUSDT,1598287994.0,1.3661,3.9,,,False,173.75898940169265,0.9854728628094411,40.57427877673631,-0.5501317304423581,1.954,0.9999998883651043,10292.777078945199,8.426129157001522,2026-03-27 03:39:53.821000
XRPUSDT,1598287995.0,1.3661,3.9,,,False,173.91273013203335,0.9855083750200221,40.58770653609213,-0.549449631505374,1.954,0.9999998883685103,19.207447968611984,8.431106683908059,2026-03-27 03:39:53.821000
XRPUSDT,1598287996.0,1.3661,3.8,,,False,174.06651573937452,0.9855438016929378,40.60112809577855,-0.5487691943689985,1.954,0.9999998883715892,19.20691615594589,8.43608418924728,2026-03-27 03:39:53.821000
XRPUSDT,1598287997.0,1.3661,3.7,,,False,174.22034621052015,0.9855791430280029,40.61454346372319,-0.5480891267549025,1.954,0.9999998883743427,19.242838813053435,8.441061673046008,2026-03-27 03:39:53.821000
XRPUSDT,1598287998.0,1.3661,3.9,,,False,174.37422153228488,0.9856143992245949,40.62795264784273,-0.5474094300528315,1.954,0.9999998883767728,19.278786930298192,8.446039135330901,2026-03-27 03:39:53.821000
XRPUSDT,1598287999.0,1.3661,3.9,,,False,174.5281416914959,0.9856495704816559,40.641355656043,-0.5467301056527302,1.954,0.9999998883788813,19.31476031474873,8.45101657612878,2026-03-27 03:39:53.821000
XRPUSDT,1598288000.0,1.3661,3.9,,,False,174.68210667499272,0.9856846569976937,40.6547524962189,-0.5460511549375473,1.954,0.9999998883806701,19.3507589768015,8.455993995466244,2026-03-27 03:39:53.821000
XRPUSDT,1598288001.0,1.3661,3.9,,,False,174.83611646962737,0.9857196589707812,40.6681431762545,-0.5453725792841959,1.954,0.9999998883821413,19.386782900937103,8.460971393370114,2026-03-27 03:39:53.821000
XRPUSDT,1598288002.0,1.3661,1338.1,,,False,174.99017106226412,0.9857545765985591,40.681527704023004,-0.5446943800625995,1.954,0.9999998883832965,19.422832098130144,8.465948769867113,2026-03-27 03:39:53.821000
XRPUSDT,1598288003.0,1.3661,164.6,,,False,175.14427043977986,0.985789410078235,40.69490608738673,-0.5440165586366532,0.151,0.9999998883841376,19.458906553541745,8.470912963696117,2026-03-27 03:39:53.972000
XRPUSDT,1598288004.0,1.3661,200.0,,,False,175.298145268369,0.9858241596065853,40.708274582988665,-0.542392721693538,0.151,0.9999998883846125,46.72975491185839,8.47587716025313,2026-03-27 03:39:53.972000
XRPUSDT,1598288005.0,1.3661,611.6,,,False,175.45206518927537,0.9858588253799556,40.72163697262102,-0.5417197413401934,0.002,0.999999888385418,19.413395055572863,8.480840274589028,2026-03-27 03:39:53.974000
XRPUSDT,1598288006.0,1.3661,851.2,,,False,175.60600797470747,0.9858934075942614,40.73499295608889,-0.540969308834913,0.005,0.9999998883865487,21.6999553193946,8.485803415445607,2026-03-27 03:39:53.979000
XRPUSDT,1598288007.0,1.3661,1834.5,,,False,175.75999630040133,0.9859279064449891,40.748342857082164,-0.5402989706937841,0.126,0.9999998883880605,19.430738328642846,8.490767439836652,2026-03-27 03:39:54.105000
XRPUSDT,1598288008.0,1.3661,3.9,,,False,175.914047711779,0.9859623221271967,40.76168692547414,-0.5396903220953726,0.126,0.9999998883899545,17.685210908777947,8.495731467269062,2026-03-27 03:39:54.105000
XRPUSDT,1598288009.0,1.3661,3.7,,,False,176.0681441672906,0.9859966548355147,40.77502491906325,-0.5390188903047903,0.126,0.9999998883921822,19.55662176032085,8.500695497736531,2026-03-27 03:39:54.105000
XRPUSDT,1598288010.0,1.3661,3.9,,,False,176.22228565373447,0.9860309047641465,40.78835684553658,-0.5383478348291614,0.126,0.9999998883947413,19.592901428895647,8.505659531233109,2026-03-27 03:39:54.105000
XRPUSDT,1598288011.0,1.3661,3.9,,,False,176.37647215792654,0.9860650721068698,40.80168271257087,-0.5376771570133165,0.126,0.9999998883976318,19.62920620651666,8.510623567752729,2026-03-27 03:39:54.105000
XRPUSDT,1598288012.0,1.3661,3.9,,,False,176.53070366669454,0.9860991570570371,40.815002527832405,-0.5370068581748744,0.126,0.9999998884008505,19.665536700263793,8.515587607289577,2026-03-27 03:39:54.105000
XRPUSDT,1598288013.0,1.3661,3.9,,,False,176.68498016687755,0.9861331598075763,40.82831629897703,-0.5363369396245159,0.126,0.9999998884043969,19.701892927331805,8.520551649837525,2026-03-27 03:39:54.105000
XRPUSDT,1598288014.0,1.3661,3.8,,,False,176.83930164532654,0.986167080550992,40.84162403365018,-0.5356674026676806,0.126,0.9999998884082689,19.738274855311502,8.525515695390661,2026-03-27 03:39:54.105000
XRPUSDT,1598288015.0,1.3661,3.9,,,False,176.993668088904,0.9862009194793656,40.85492573948683,-0.5349982486025865,0.126,0.9999998884124646,19.77468251081029,8.530479743943154,2026-03-27 03:39:54.105000
XRPUSDT,1598288016.0,1.3661,3.8,,,False,177.14807948448393,0.9862346767843567,40.86822142411158,-0.5343294787220219,0.126,0.9999998884169835,19.8111158678317,8.535443795489066,2026-03-27 03:39:54.105000
XRPUSDT,1598288017.0,1.3661,3.9,,,False,177.30253581895198,0.9862683526572036,40.88151109513858,-0.5336610943118167,0.126,0.9999998884218232,19.84757494615059,8.54040785002251,2026-03-27 03:39:54.105000
XRPUSDT,1598288018.0,1.3662,3.7,,,False,177.5600079588287,0.9863354608693164,40.896179670504736,-0.8859410422167979,0.126,0.9999998885305099,-5249.431281413115,8.545371908061693,2026-03-27 03:39:54.105000
XRPUSDT,1598288019.0,1.3662,7.4,,,False,177.71458408910334,0.9863688935889597,40.9094543993389,-0.5314522534326589,0.126,0.9999998885359525,10603.049723933926,8.550335967420823,2026-03-27 03:39:54.105000
XRPUSDT,1598288020.0,1.3662,3.7,,,False,177.86920508708312,0.9864022456372155,40.92272314281397,-0.5307857220561321,0.126,0.9999998885417115,19.98472092077697,8.55530002975137,2026-03-27 03:39:54.105000
XRPUSDT,1598288021.0,1.3662,3.7,,,False,178.0238709629056,0.9864355172032271,40.93598590880474,-0.530119661533654,0.126,0.9999998885477854,20.018911110024337,8.560264095047334,2026-03-27 03:39:54.105000
XRPUSDT,1598288022.0,1.3662,4.1,,,False,178.1785817035217,0.9864687084757222,40.949242704863934,-0.5294539934789586,0.126,0.9999998885541721,20.05551473789163,8.565228163302985,2026-03-27 03:39:54.105000
XRPUSDT,1598288023.0,1.3662,4.1,,,False,178.33333729589373,0.9865018196430126,40.962493538533955,-0.5287887191355607,0.126,0.9999998885608711,20.092144066153757,8.57019223451252,2026-03-27 03:39:54.105000
XRPUSDT,1598288024.0,1.3662,3.9,,,False,178.4881377269954,0.9865348508929946,40.97573841734681,-0.5281238397407411,0.126,0.9999998885678795,20.12879909727977,8.575156308670232,2026-03-27 03:39:54.105000
XRPUSDT,1598288025.0,1.3662,3.9,,,False,178.64298298381172,0.9865678024131512,40.98897734882418,-0.527459356525952,0.126,0.999999888575197,20.165479821003757,8.580120385770316,2026-03-27 03:39:54.105000
XRPUSDT,1598288026.0,1.3662,3.9,,,False,178.79787305333932,0.9866006743905509,41.002210340477376,-0.5267952707164273,0.126,0.9999998885828215,20.202186240604885,8.585084465807062,2026-03-27 03:39:54.105000
XRPUSDT,1598288027.0,1.3662,73.1,,,False,178.95280792258606,0.9866334670118505,41.01543739980739,-0.5261315835315243,0.126,0.9999998885907518,20.23891834808912,8.590048548774703,2026-03-27 03:39:54.105000
XRPUSDT,1598288028.0,1.3662,73.1,,,False,179.1077875785712,0.9866661804632946,41.02865853430485,-0.5254682961843358,0.126,0.9999998885989867,20.275676148775094,8.59501263466764,2026-03-27 03:39:54.105000
XRPUSDT,1598288029.0,1.3662,129.6,,,False,179.2628120083255,0.986698814930717,41.04187375145009,-0.5248054098822489,0.126,0.9999998886075241,20.312459630693517,8.599976723480127,2026-03-27 03:39:54.105000
XRPUSDT,1598288030.0,1.3662,1449.4,,,False,179.41788119889077,0.9867313705995409,41.055083058713095,-0.5241429258258976,0.126,0.9999998886163628,20.34926881506548,8.60494081520646,2026-03-27 03:39:54.105000
XRPUSDT,1598288031.0,1.3662,3.8,,,False,179.57299513732033,0.9867638476547801,41.068286463553555,-0.5234808452108826,0.126,0.9999998886255012,20.38610367036121,8.609904909841104,2026-03-27 03:39:54.105000
XRPUSDT,1598288032.0,1.3662,734.1,,,False,179.72815381067878,0.9867962462810397,41.08148397342082,-0.5228191692262675,0.126,0.9999998886349387,20.42296421192405,8.6148690073783,2026-03-27 03:39:54.105000
XRPUSDT,1598288033.0,1.3662,3.9,,,False,179.88335720604204,0.9868285666625171,41.09467559575399,-0.5221578990552506,0.002,0.9999998886446723,20.459850434615696,8.619832237142454,2026-03-27 03:39:54.107000
XRPUSDT,1598288034.0,1.3662,0.2,,,False,180.03858732451894,0.9868608089830021,41.10786110553151,-0.5214368051066242,0.002,0.9999998886546931,22.364827896333182,8.62479547140092,2026-03-27 03:39:54.107000
XRPUSDT,1598288035.0,1.3662,3.5,,,False,180.19386216185865,0.9868929734258788,41.121040744037316,-0.5207766133049267,0.002,0.9999998886650479,20.52551646016672,8.629758710145786,2026-03-27 03:39:54.107000
XRPUSDT,1598288036.0,1.3662,3.9,,,False,180.3491817051592,0.9869250601741246,41.13421451867339,-0.5201168301189704,0.002,0.9999998886757344,20.562482084544285,8.63472195336938,2026-03-27 03:39:54.107000
XRPUSDT,1598288037.0,1.3662,3.9,,,False,180.50454594152976,0.9869570694103132,41.14738243683145,-0.5194574567090324,0.002,0.9999998886867518,20.59947341612234,8.639685201063994,2026-03-27 03:39:54.107000
XRPUSDT,1598288038.0,1.3662,3.9,,,False,180.65995485809066,0.9869890013166135,41.16054450589299,-0.5187984942290761,0.002,0.9999998886980979,20.636490466945318,8.644648453221855,2026-03-27 03:39:54.107000
XRPUSDT,1598288039.0,1.3662,3.9,,,False,180.81540844197335,0.9870208560747912,41.17370073322927,-0.5181399438283835,0.002,0.9999998887097711,20.673533197748554,8.649611709835265,2026-03-27 03:39:54.107000
XRPUSDT,1598288040.0,1.3662,3.9,,,False,180.97090668032058,0.98705263386621,41.18685112620129,-0.5174818066492524,0.002,0.9999998887217694,20.71060164178439,8.65457497089659,2026-03-27 03:39:54.107000
XRPUSDT,1598288041.0,1.3662,3.9,,,False,181.12644956028598,0.9870843348718309,41.19999569215987,-0.5168240838285569,0.002,0.9999998887340916,20.747695784831993,8.659538236398188,2026-03-27 03:39:54.107000
XRPUSDT,1598288042.0,1.3662,3.7,,,False,181.28203706903435,0.9871159592722146,41.21313443844558,-0.5161667764973821,0.002,0.9999998887467362,20.784815623348422,8.664501506332446,2026-03-27 03:39:54.107000
XRPUSDT,1598288043.0,1.3662,3.9,,,False,181.43766919374173,0.9871475072475219,41.22626737238879,-0.5155098857812134,0.002,0.9999998887597009,20.821961148735145,8.669464780691575,2026-03-27 03:39:54.107000
XRPUSDT,1598288044.0,1.3662,3.9,,,False,181.59334592159507,0.987178978977513,41.23939450130968,-0.5148534127992137,0.002,0.9999998887729844,20.85913237637609,8.674428059468191,2026-03-27 03:39:54.107000
XRPUSDT,1598288045.0,1.3663,7.4,,,False,181.8528436406522,0.9872416944185983,41.25382026161923,-0.8546701345515384,0.042,0.9999998888889643,-5418.3900467238445,8.67939161943233,2026-03-27 03:39:54.149000
XRPUSDT,1598288046.0,1.3663,3.7,,,False,182.0086449881446,0.9872729384872238,41.26693309586537,-0.5127094962302067,0.042,0.9999998889028422,10944.817796330954,8.684355182751219,2026-03-27 03:39:54.149000
XRPUSDT,1598288047.0,1.3663,765.2,,,False,182.16449087695332,0.9873041070255977,41.28004015195613,-0.5120549593051408,0.042,0.9999998889170211,20.999923615713406,8.689318749955143,2026-03-27 03:39:54.149000
XRPUSDT,1598288048.0,1.3663,4.1,,,False,182.32038130198936,0.9873352002114947,41.29314143725995,-0.5114008704738908,0.042,0.9999998889315004,21.03640435613968,8.694282321037319,2026-03-27 03:39:54.149000
XRPUSDT,1598288049.0,1.3663,3.9,,,False,182.47631625050616,0.9873662182222952,41.30623695903882,-0.5107472056244315,0.042,0.999999888946277,21.073719190538853,8.699245895990858,2026-03-27 03:39:54.149000
XRPUSDT,1598288050.0,1.3663,3.9,,,False,182.63229570976804,0.9873971612349854,41.31932672454456,-0.510093965836103,0.042,0.9999998889613507,21.111059704102978,8.704209474808982,2026-03-27 03:39:54.149000
XRPUSDT,1598288051.0,1.3663,3.9,,,False,182.7883196670501,0.9874280294261578,41.332410741018876,-0.5094411521827878,0.042,0.9999998889767194,21.148425888311294,8.709173057484879,2026-03-27 03:39:54.149000
XRPUSDT,1598288052.0,1.3663,73.1,,,False,182.9443881096388,0.9874588229720129,41.34548901569328,-0.5087887657327472,0.042,0.9999998889923819,21.185817739541438,8.71413664401188,2026-03-27 03:39:54.149000
XRPUSDT,1598288053.0,1.3663,73.1,,,False,183.10050102483115,0.9874895420483583,41.35856155578921,-0.5081368075483483,0.042,0.9999998890083366,21.223235264948887,8.719100234383134,2026-03-27 03:39:54.149000
XRPUSDT,1598288054.0,1.3663,1482.4,,,False,183.25665839993533,0.9875201868306119,41.371628368517925,-0.5074852786866402,0.042,0.9999998890245815,21.26067845138733,8.724063828591824,2026-03-27 03:39:54.149000
XRPUSDT,1598288055.0,1.3663,312.2,,,False,183.41286022227027,0.9875507574938004,41.38468946108059,-0.5068341801985814,0.001,0.9999998890411156,21.29814731348843,8.729027147068525,2026-03-27 03:39:54.150000
XRPUSDT,1598288056.0,1.3663,2092.9,,,False,183.56910066360743,0.9875812542125609,41.39774476957492,-0.5061647307939443,0.001,0.9999998890579329,21.951522388147943,8.733990469887132,2026-03-27 03:39:54.150000
XRPUSDT,1598288057.0,1.3663,3.9,,,False,183.72538553428637,0.9876116771611422,41.41079437270981,-0.5055145791652897,0.001,0.9999998890750494,21.370434457342345,8.738953797040253,2026-03-27 03:39:54.150000
XRPUSDT,1598288058.0,1.3663,3.9,,,False,183.88171482165478,0.9876420265134045,41.4238382776542,-0.5048648608009522,0.001,0.9999998890924621,21.407981255149572,8.743917128520339,2026-03-27 03:39:54.150000
XRPUSDT,1598288059.0,1.3663,3.9,,,False,184.03808851307068,0.9876723024428212,41.43687649156691,-0.5042155767304429,0.001,0.9999998891101708,21.445553712724706,8.748880464320328,2026-03-27 03:39:54.150000
XRPUSDT,1598288060.0,1.3663,3.8,,,False,184.19450659590325,0.9877025051224789,41.44990902159673,-0.5035667279769577,0.001,0.9999998891281724,21.483151854039964,8.753843804432641,2026-03-27 03:39:54.150000
XRPUSDT,1598288061.0,1.3663,0.1,,,False,184.3509690575323,0.9877326347250783,41.462935874882334,-0.5029183155589521,0.001,0.9999998891464668,21.520775651333324,8.758807148850025,2026-03-27 03:39:54.150000
XRPUSDT,1598288062.0,1.3663,3.6,,,False,184.50747588534844,0.9877626914229352,41.47595705855237,-0.5022703404888451,0.016,0.9999998891650516,21.55842512020107,8.763770598926943,2026-03-27 03:39:54.166000
XRPUSDT,1598288063.0,1.3663,3.9,,,False,184.66402917957424,0.9877926753879809,41.48897260512,-0.5016295528445124,0.016,0.999999889183927,21.371010917189285,8.768734053106268,2026-03-27 03:39:54.166000
XRPUSDT,1598288064.0,1.3663,3.9,,,False,184.8206268120859,0.9878225867917637,41.50198249614377,-0.5009824255731072,0.016,0.9999998892030857,21.634801098052343,8.773697511380943,2026-03-27 03:39:54.166000
XRPUSDT,1598288065.0,1.3663,3.8,,,False,184.97726877030777,0.9878524258054486,41.51498673872286,-0.5003357387375494,0.016,0.999999889222526,21.672527194981022,8.778660973743879,2026-03-27 03:39:54.166000
XRPUSDT,1598288066.0,1.3663,3.9,,,False,185.133955041675,0.9878821925998185,41.52798533994645,-0.4996894933288091,0.016,0.9999998892422469,21.71027893400809,8.78362444018817,2026-03-27 03:39:54.166000
XRPUSDT,1598288067.0,1.3663,3.9,,,False,185.29068561363337,0.9879118873452751,41.54097830689369,-0.4990436903321875,0.016,0.9999998892622468,21.748056320739813,8.788587910706875,2026-03-27 03:39:54.166000
XRPUSDT,1598288068.0,1.3663,3.9,,,False,185.44746047363952,0.9879415102118397,41.553965646633706,-0.49839833072711914,0.016,0.9999998892825236,21.785859368500688,8.793551385292957,2026-03-27 03:39:54.166000
XRPUSDT,1598288069.0,1.3663,3.9,,,False,185.6042796091607,0.9879710613691536,41.566947366225634,-0.49775341548804675,0.016,0.9999998893030767,21.82368806145687,8.798514863939527,2026-03-27 03:39:54.166000
XRPUSDT,1598288070.0,1.3663,3.8,,,False,185.7611430076746,0.9880005409864792,41.57992347271861,-0.4971089455835762,0.016,0.9999998893239036,21.861542412606223,8.803478346639542,2026-03-27 03:39:54.166000
XRPUSDT,1598288071.0,1.3663,3.7,,,False,185.91805065666998,0.9880299492327003,41.59289397315176,-0.4964649219774372,0.016,0.9999998893450035,21.899422403393,8.808441833386315,2026-03-27 03:39:54.166000
XRPUSDT,1598288072.0,1.3663,3.7,,,False,186.07500254364578,0.9880592862763232,41.60585887455426,-0.49582134562768376,0.016,0.9999998893663752,21.937328042482704,8.813405324172706,2026-03-27 03:39:54.166000
XRPUSDT,1598288073.0,1.3663,3.9,,,False,186.231998656112,0.9880885522854774,41.61881818394527,-0.4951782174871126,0.016,0.9999998893880176,21.975259324988922,8.818368818991962,2026-03-27 03:39:54.166000
XRPUSDT,1598288074.0,1.3663,3.7,,,False,186.38903898158875,0.9881177474279164,41.63177190833403,-0.4945355385026996,0.016,0.9999998894099286,22.01321626559348,8.82333231783715,2026-03-27 03:39:54.166000
XRPUSDT,1598288075.0,1.3663,3.7,,,False,186.5461235076072,0.9881468718710179,41.64472005471979,-0.4938933096170057,0.016,0.9999998894321063,22.051198831670096,8.828295820701525,2026-03-27 03:39:54.166000
XRPUSDT,1598288076.0,1.3664,3.7,,,False,186.8079458375544,0.9882049093268487,41.65888048642049,-0.8197874477634896,0.086,0.9999998895554072,-5615.238185090932,8.833259792419874,2026-03-27 03:39:54.252000
XRPUSDT,1598288077.0,1.3664,7.4,,,False,186.96515790944193,0.9882338226724633,41.67181500451591,-0.49181514861149445,0.086,0.9999998895780751,11343.28429243586,8.838223766215703,2026-03-27 03:39:54.252000
XRPUSDT,1598288078.0,1.3664,5.5,,,False,187.12241410812456,0.9882626659845138,41.68474396988401,-0.49117488951161303,0.086,0.9999998896009863,22.197835628559325,8.843187743147391,2026-03-27 03:39:54.252000
XRPUSDT,1598288079.0,1.3664,638.2,,,False,187.27971443670853,0.9882914394285118,41.69766738965877,-0.49053513344184796,0.086,0.99999988962414,22.23425425923403,8.848151723209414,2026-03-27 03:39:54.252000
XRPUSDT,1598288080.0,1.3664,126.3,,,False,187.43705888279214,0.9883201431695987,41.71058527078391,-0.4898958328378485,0.003,0.9999998896475342,22.27237913220112,8.853115159183544,2026-03-27 03:39:54.255000
XRPUSDT,1598288081.0,1.3664,4.1,,,False,187.5944359622666,0.9883487773725455,41.72349748851503,-0.48922143747558144,0.003,0.9999998896711579,23.55209130567989,8.858078599297185,2026-03-27 03:39:54.255000
XRPUSDT,1598288082.0,1.3664,422.5,,,False,187.75185714938547,0.9883773422017533,41.73640418226307,-0.48858320945987005,0.003,0.9999998896950432,22.343141317833677,8.863042043543306,2026-03-27 03:39:54.255000
XRPUSDT,1598288083.0,1.3664,77.2,,,False,187.90932243176965,0.9884058378212551,41.749305358938464,-0.487945439159029,0.003,0.9999998897191877,22.3813453432995,8.86800549191512,2026-03-27 03:39:54.255000
XRPUSDT,1598288084.0,1.3664,3.9,,,False,188.06683179705,0.9884342643947153,41.762201025441755,-0.48730812746270746,0.002,0.9999998897435914,22.419575022476998,8.872968937846917,2026-03-27 03:39:54.257000
XRPUSDT,1598288085.0,1.3664,3.9,,,False,188.22438509521865,0.9884626220854312,41.77509118709886,-0.48667085137484317,0.002,0.9999998897682517,22.47277799336291,8.877932387902687,2026-03-27 03:39:54.257000
XRPUSDT,1598288086.0,1.3664,3.9,,,False,188.3819824517563,0.9884909110563336,41.78797585236502,-0.48603446143584905,0.002,0.9999998897931676,22.49604417180638,8.88289584207553,2026-03-27 03:39:54.257000
XRPUSDT,1598288087.0,1.3664,114.6,,,False,188.53962385432516,0.9885191314699872,41.800855028111165,-0.4853985327358798,0.002,0.9999998898183384,22.53435076379913,8.887859300358585,2026-03-27 03:39:54.257000
XRPUSDT,1598288088.0,1.3664,33.6,,,False,188.69730929059773,0.9885472834885916,41.8137287211984,-0.4847630661443506,0.001,0.999999889843763,22.572682991545186,8.892822756220482,2026-03-27 03:39:54.258000
XRPUSDT,1598288089.0,1.3664,43.6,,,False,188.85503861117118,0.9885753672739824,41.8265969369347,-0.4841276430542948,0.001,0.9999998898694386,22.62597727520985,8.897786216191069,2026-03-27 03:39:54.258000
XRPUSDT,1598288090.0,1.3664,56.1,,,False,189.0128119410036,0.9886033829876307,41.83945968371433,-0.48349310514979577,0.001,0.9999998898953651,22.649357159514576,8.902749680263298,2026-03-27 03:39:54.258000
XRPUSDT,1598288091.0,1.3664,366.4,,,False,189.17062926779857,0.9886313307906458,41.852316968368896,-0.4828590319265333,0.001,0.9999998899215409,22.687766294922657,8.907713148430274,2026-03-27 03:39:54.258000
XRPUSDT,1598288092.0,1.3664,5.0,,,False,189.32849057926998,0.9886592108437734,41.8651687977202,-0.4822254242336504,0.523,0.9999998899479645,22.726201057909797,8.91268000854724,2026-03-27 03:39:54.781000
XRPUSDT,1598288093.0,1.3664,20.9,,,False,189.48646712798921,0.9886870233073987,41.87801597313347,-0.48180896326837236,1.539,0.9999998899747049,14.973896986950573,8.917653451751063,2026-03-27 03:39:56.320000
XRPUSDT,1598288094.0,1.3664,13.4,,,False,189.64462610756706,0.9887147683415456,41.89085924310934,-0.48159594537154116,0.338,0.9999998900016885,7.677694527356187,8.922619106170425,2026-03-27 03:39:56.658000
XRPUSDT,1598288095.0,1.3664,7.6,,,False,189.8026651345426,0.988742446105878,41.90369524835676,-0.48046495864349403,0.849,0.9999998900283502,40.8626475196108,8.9275880639746,2026-03-27 03:39:57.507000
XRPUSDT,1598288096.0,1.3663,10.0,,,True,189.85553645700412,0.988742446105878,41.91535988830983,-0.16116906329670777,0.357,0.9999998899553934,,8.932553837924804,2026-03-27 03:39:57.864000
XRPUSDT,1598288097.0,1.3663,5.0,,,True,190.0136364698956,0.9887700567597004,41.92818756874757,-0.48001767731848977,2.637,0.9999998899822884,-11548.028383273859,8.937534335784301,2026-03-27 03:40:00.501000
XRPUSDT,1598288098.0,1.3664,25.0,,,False,190.27742999952565,0.9888250773712417,41.94217493990294,-0.7975802244248906,6.173,0.999999890109381,-5771.701517133301,8.942537626494156,2026-03-27 03:40:06.674000
XRPUSDT,1598288099.0,1.3664,25.0,,,False,190.43643712772908,0.988852487645779,41.95499796041174,-0.48032358875471537,0.614,0.999999890136703,11574.369138038219,8.947505024665684,2026-03-27 03:40:07.288000
XRPUSDT,1598288100.0,1.3663,665.0,,,True,190.48933425518194,0.988852487645779,41.96665056742351,-0.16022277874664326,0.591,0.9999998900622744,,8.952472269673596,2026-03-27 03:40:07.879000
XRPUSDT,1598288101.0,1.3663,3.7,,,True,190.64764096756946,0.9888798314434454,41.97945691035738,-0.47758030682455765,0.591,0.9999998900876179,-11606.197937481027,8.957439518772574,2026-03-27 03:40:07.879000
XRPUSDT,1598288102.0,1.3663,3.9,,,True,190.8059915511177,0.9889071089217591,41.99225785657156,-0.4769498446682039,0.591,0.9999998901130578,23.112919350594943,8.962406764843395,2026-03-27 03:40:07.879000
XRPUSDT,1598288103.0,1.3663,3.9,,,True,190.9643858882725,0.9889343202378835,42.00505341165461,-0.47631954229458867,0.591,0.9999998901385914,23.163244685934053,8.967374007889559,2026-03-27 03:40:07.879000
XRPUSDT,1598288104.0,1.3663,3.9,,,True,191.12282396693055,0.9889614655486276,42.017843582343815,-0.47568971811290983,0.591,0.9999998901642195,23.201951438911205,8.972341247914342,2026-03-27 03:40:07.879000
XRPUSDT,1598288105.0,1.3663,3.9,,,True,191.28130577499905,0.9889885450104468,42.03062837536671,-0.4750603729069728,0.591,0.9999998901899423,23.24068366427415,8.977308484920865,2026-03-27 03:40:07.879000
XRPUSDT,1598288106.0,1.3663,1785.6,,,True,191.43983130039564,0.9890155587794436,42.04340779744102,-0.4744315074556678,0.591,0.9999998902157582,23.279441361135067,8.98227571891245,2026-03-27 03:40:07.879000
XRPUSDT,1598288107.0,1.3663,3.9,,,True,191.59840053104793,0.9890425070113676,42.05618185527473,-0.4738031225329644,0.591,0.9999998902416684,23.31822453043047,8.98724294989247,2026-03-27 03:40:07.879000
XRPUSDT,1598288108.0,1.3663,3.9,,,True,191.75701345489398,0.9890693898616177,42.06895055556603,-0.4731752189078378,0.591,0.9999998902676714,23.35703317486969,8.992210177864203,2026-03-27 03:40:07.879000
XRPUSDT,1598288109.0,1.3663,486.6,,,True,191.91567005988193,0.9890962074852417,42.081713905003404,-0.4725477973443838,0.591,0.9999998902937676,23.39586729424327,8.997177402830898,2026-03-27 03:40:07.879000
XRPUSDT,1598288110.0,1.3663,4979.6,,,True,192.07437033397014,0.9891229600369369,42.094471910265554,-0.4719208586020011,0.591,0.9999998903199562,23.434726882380716,9.002144624795887,2026-03-27 03:40:07.879000
XRPUSDT,1598288111.0,1.3664,3.8,,,False,192.338833882598,0.9891762705415854,42.108354197839425,-0.7831375378778529,0.908,0.9999998904453137,-5837.811540666063,9.007113855898625,2026-03-27 03:40:08.787000
XRPUSDT,1598288112.0,1.3664,69.5,,,False,192.49769315614225,0.9892028288021897,42.121099556763546,-0.46999616698769614,0.534,0.9999998904716791,11790.733420237899,9.012080705514252,2026-03-27 03:40:09.321000
XRPUSDT,1598288113.0,1.3663,80.1,,,True,192.5507678858624,0.9892028288021897,42.13271429850339,-0.15744946148817865,0.005,0.9999998903990303,,9.017044213646612,2026-03-27 03:40:09.326000
XRPUSDT,1598288114.0,1.3664,38.7,,,False,192.81537147365424,0.9892557521064793,42.14657250415326,-0.7797895353291759,0.266,0.9999998905243626,-11759.282270720252,9.02200937422228,2026-03-27 03:40:09.592000
XRPUSDT,1598288115.0,1.3663,101.2,,,True,192.86843943086066,0.9892557521064793,42.158181086467074,-0.15692494701998833,0.291,0.9999998904521238,,9.026974688895587,2026-03-27 03:40:09.883000
XRPUSDT,1598288116.0,1.3664,3.9,,,False,193.1332267579689,0.9893084188061978,42.172024263280186,-0.7778287992004917,1.06,0.9999998905778044,-11789.306250427262,9.031944852445202,2026-03-27 03:40:10.943000
XRPUSDT,1598288117.0,1.3664,3.9,,,False,193.29232387915144,0.9893346563097938,42.18474329847934,-0.4669353029800556,1.06,0.9999998906048865,11849.202614994107,9.036914994916074,2026-03-27 03:40:10.943000
XRPUSDT,1598288118.0,1.3664,3.9,,,False,193.4514642956263,0.9893608301180994,42.19745704142687,-0.4663116872889581,1.06,0.999999890631941,23.82594400540019,9.041885128867225,2026-03-27 03:40:10.943000
XRPUSDT,1598288119.0,1.3664,3.7,,,False,193.61064818262105,0.9893869403823494,42.210165500696704,-0.4656891119957334,1.06,0.9999998906589695,23.844082436810908,9.04685525430993,2026-03-27 03:40:10.943000
XRPUSDT,1598288120.0,1.3664,3.9,,,False,193.76987552825858,0.9894129872534366,42.22286868288026,-0.4650670294556992,1.06,0.9999998906859714,23.88319648649691,9.051825371255452,2026-03-27 03:40:10.943000
XRPUSDT,1598288121.0,1.3664,3.9,,,False,193.92914632067107,0.9894389708819111,42.235566594559245,-0.4644454403659928,1.06,0.9999998907129481,23.922335955365796,9.056795479715163,2026-03-27 03:40:10.943000
XRPUSDT,1598288122.0,1.3664,3.9,,,False,194.08846054800102,0.989464891417983,42.248259242305664,-0.4638243454206138,1.06,0.9999998907398995,23.961500782891395,9.061765579700289,2026-03-27 03:40:10.943000
XRPUSDT,1598288123.0,1.3664,1298.0,,,False,194.24781819840095,0.9894907490115216,42.260946632681915,-0.46320374530880243,1.06,0.9999998907668249,24.000690972486147,9.066735671222055,2026-03-27 03:40:10.943000
XRPUSDT,1598288124.0,1.3664,1261.7,,,False,194.40721926003334,0.9895165438120558,42.27362877224064,-0.4625836407154248,1.06,0.999999890793727,24.039906513525466,9.071705754291843,2026-03-27 03:40:10.943000
XRPUSDT,1598288125.0,1.3664,115.5,,,False,194.56666372107094,0.989542275968777,42.286305667524886,-0.46196403232024735,0.001,0.9999998908206037,24.079147422071777,9.07666925057814,2026-03-27 03:40:10.944000
XRPUSDT,1598288126.0,1.3664,55.2,,,False,194.72601213833727,0.9895679456305368,42.29897589034237,-0.4609428438747507,0.001,0.9999998908473056,39.78192058194132,9.081632750845433,2026-03-27 03:40:10.944000
XRPUSDT,1598288127.0,1.3664,130.6,,,False,194.88540411758476,0.9895935529458503,42.311640890826354,-0.4603260639375273,0.001,0.9999998908742421,24.086083592685878,9.08659625508741,2026-03-27 03:40:10.944000
XRPUSDT,1598288128.0,1.3664,1692.9,,,False,195.0448396468885,0.9896190980628953,42.32430067545083,-0.4597097767946723,0.001,0.9999998909014114,24.12543821072895,9.091559763297397,2026-03-27 03:40:10.944000
XRPUSDT,1598288129.0,1.3664,446.1,,,False,195.20431871433297,0.989644581129513,42.3369552506803,-0.4590939831162144,0.001,0.9999998909288125,24.16481845354975,9.09652327546898,2026-03-27 03:40:10.944000
XRPUSDT,1598288130.0,1.3664,8.9,,,False,195.36384130801244,0.9896700022932097,42.34960462296984,-0.4584786835684249,0.001,0.9999998909564445,24.204224288555533,9.101486791595654,2026-03-27 03:40:10.944000
XRPUSDT,1598288131.0,1.3664,216.9,,,False,195.52340741603115,0.9896953617011561,42.36224879876506,-0.45786387881371593,0.001,0.9999998909843061,24.243655688140084,9.106450311670951,2026-03-27 03:40:10.944000
XRPUSDT,1598288132.0,1.3664,400.0,,,False,195.68301702650282,0.9897206595001896,42.374887784502135,-0.4572495695090121,0.001,0.9999998910123963,24.283112688606437,9.111413835688385,2026-03-27 03:40:10.945000
XRPUSDT,1598288133.0,1.3664,123.0,,,False,195.8426701275512,0.9897458958368134,42.38752158660782,-0.4566357563074016,0.002,0.9999998910407132,24.322595262592856,9.116377369787113,2026-03-27 03:40:10.947000
XRPUSDT,1598288134.0,1.3664,800.0,,,False,196.00236683785718,0.989771070857198,42.40015021281688,-0.45602281148695584,0.002,0.9999998910692557,24.34734157440518,9.121340907803498,2026-03-27 03:40:10.947000
XRPUSDT,1598288135.0,1.3664,7.4,,,False,196.16210701484152,0.9897961847071819,42.41277366821165,-0.4554099907330965,0.001,0.9999998910980221,24.40170480636269,9.126304443602159,2026-03-27 03:40:10.948000
XRPUSDT,1598288136.0,1.3664,5.5,,,False,196.3218905163881,0.989821237532272,42.42539195788241,-0.45479729837923555,0.001,0.9999998911270123,24.456018499178374,9.131267983317333,2026-03-27 03:40:10.948000
XRPUSDT,1598288137.0,1.3664,27.8,,,False,196.4817174611031,0.9898462294776448,42.43800508953469,-0.45418547603070425,0.001,0.9999998911562249,24.48078128396901,9.136231526942556,2026-03-27 03:40:10.948000
XRPUSDT,1598288138.0,1.3664,3.8,,,False,196.64158783715888,0.9898711606881462,42.45061306954826,-0.45357415298222803,0.001,0.999999891185657,24.520391757227102,9.1411950744716,2026-03-27 03:40:10.948000
XRPUSDT,1598288139.0,1.3664,3.9,,,False,196.80150163273714,0.9898960313082925,42.46321590429348,-0.4529633298597472,0.001,0.9999998912153105,24.5600278114052,9.146158625897977,2026-03-27 03:40:10.948000
XRPUSDT,1598288140.0,1.3664,3.7,,,False,196.96145883602955,0.9899208414822721,42.47581360013137,-0.45235300728502403,0.001,0.9999998912451817,24.599689434871266,9.151122181215332,2026-03-27 03:40:10.948000
XRPUSDT,1598288141.0,1.3664,3.9,,,False,197.12145943523726,0.9899455913539446,42.4884061634136,-0.45174318587503354,0.001,0.9999998912752707,24.639376642481125,9.156085740417453,2026-03-27 03:40:10.948000
XRPUSDT,1598288142.0,1.3664,3.9,,,False,197.28150341857102,0.9899702810668422,42.500993600482495,-0.4511338662426039,0.001,0.9999998913055751,24.679089423068106,9.161049303497908,2026-03-27 03:40:10.948000
XRPUSDT,1598288143.0,1.3664,3.9,,,False,197.44159077425132,0.9899949107641706,42.513575917671034,-0.4505250489962971,0.001,0.999999891336095,24.71882777074954,9.166012870450482,2026-03-27 03:40:10.948000
XRPUSDT,1598288144.0,1.3664,3.9,,,False,197.6017214905082,0.9900194805888093,42.52615312130289,-0.44991673473998195,0.001,0.9999998913668284,24.75859169773926,9.170976441268847,2026-03-27 03:40:10.948000
XRPUSDT,1598288145.0,1.3664,3.9,,,False,197.76189555558125,0.9900439906833126,42.538725217692416,-0.4493089240732091,0.001,0.9999998913977748,24.79838120127756,9.175940015946729,2026-03-27 03:40:10.948000
XRPUSDT,1598288146.0,1.3664,3.9,,,False,197.92211295771975,0.9900684411899099,42.55129221314467,-0.4487016175914803,0.001,0.9999998914289329,24.83819626856007,9.180903594477856,2026-03-27 03:40:10.948000
XRPUSDT,1598288147.0,1.3665,3.7,,,False,198.18913833273163,0.990117164006684,42.564896749191604,-0.744678982440575,0.004,0.999999891557377,-6074.7178518244045,9.185867194960727,2026-03-27 03:40:10.952000
XRPUSDT,1598288148.0,1.3665,5.5,,,False,198.34947164250823,0.9901414365997021,42.577451313228146,-0.44672262683259445,0.004,0.9999998915889,12275.42337096626,9.190830799204479,2026-03-27 03:40:10.952000
XRPUSDT,1598288149.0,1.3665,3.7,,,False,198.50984824513014,0.9901656501704973,42.59000079974328,-0.4461176413753106,0.004,0.9999998916206301,24.985387838961476,9.19579440724857,2026-03-27 03:40:10.952000
XRPUSDT,1598288150.0,1.3665,7.4,,,False,198.67026812958701,0.9901898048596858,42.60254521500359,-0.4455131644522028,0.004,0.9999998916525668,25.025241202278053,9.20075801908684,2026-03-27 03:40:10.952000
XRPUSDT,1598288151.0,1.3665,181.2,,,False,198.83073128418246,0.9902139008075622,42.61508456525964,-0.4449091946985408,0.004,0.9999998916847076,25.06520003939731,9.205721634713273,2026-03-27 03:40:10.952000
XRPUSDT,1598288152.0,1.3665,500.0,,,False,198.99123769722974,0.9902379381541017,42.62761885675275,-0.44430573267987467,0.004,0.9999998917170526,25.10518445436399,9.210685254121636,2026-03-27 03:40:10.952000
XRPUSDT,1598288153.0,1.3665,4.1,,,False,199.15178735705135,0.9902619170389593,42.640148095715006,-0.44370277895778604,0.004,0.9999998917496007,25.1451944353964,9.215648877305828,2026-03-27 03:40:10.952000
XRPUSDT,1598288154.0,1.3665,3.7,,,False,199.3123802519794,0.990285837601472,42.65267228836928,-0.44310033408968835,0.004,0.9999998917823502,25.18522997843757,9.220612504259712,2026-03-27 03:40:10.952000
XRPUSDT,1598288155.0,1.3665,3.9,,,False,199.47301637035537,0.9903096999806582,42.66519144092926,-0.44249839862875306,0.004,0.9999998918152999,25.22529108431075,9.2255761349773,2026-03-27 03:40:10.952000
XRPUSDT,1598288156.0,1.3665,3.8,,,False,199.63369570053035,0.990333504315219,42.67770555959941,-0.4418969731237289,0.004,0.9999998918484493,25.26537776080409,9.23053976945239,2026-03-27 03:40:10.952000
XRPUSDT,1598288157.0,1.3665,73.1,,,False,199.79441823086472,0.9903572507435389,42.69021465057502,-0.4412960581195352,0.004,0.9999998918817967,25.30548999203585,9.235503407679063,2026-03-27 03:40:10.952000
XRPUSDT,1598288158.0,1.3665,73.1,,,False,199.95518394972822,0.9903809394036858,42.7027187200422,-0.4406956541563082,0.004,0.9999998919153414,25.345627802656168,9.240467049651196,2026-03-27 03:40:10.952000
XRPUSDT,1598288159.0,1.3665,3.9,,,False,200.11599284550016,0.9904045704334119,42.715217774177894,-0.44009576177096044,0.004,0.9999998919490826,25.385791152566746,9.245430695362618,2026-03-27 03:40:10.952000
XRPUSDT,1598288160.0,1.3665,3.9,,,False,200.27684490656927,0.9904281439701562,42.72771181914989,-0.439496381495412,0.004,0.9999998919830188,25.42598007458563,9.250394344807503,2026-03-27 03:40:10.952000
XRPUSDT,1598288161.0,1.3665,5.3,,,False,200.43774012133352,0.9904516601510415,42.74020086111683,-0.43889751385780795,0.004,0.999999892017148,25.466194554558502,9.25535799797968,2026-03-27 03:40:10.952000
XRPUSDT,1598288162.0,1.3665,3.7,,,False,200.59867847820024,0.9904751191128782,42.75268490622821,-0.4382991593817156,0.019,0.9999998920514707,25.506434609348933,9.260321743385294,2026-03-27 03:40:10.971000
XRPUSDT,1598288163.0,1.3665,3.9,,,False,200.7596618618908,0.9904985209921633,42.76516397841426,-0.43770645859117624,0.019,0.9999998920859878,25.327059563013396,9.265285492338165,2026-03-27 03:40:10.971000
XRPUSDT,1598288164.0,1.3665,269.8,,,False,200.9206883619473,0.9905218659250821,42.77763806590568,-0.4371091082171754,0.019,0.9999998921206915,25.588009872597354,9.270249244832454,2026-03-27 03:40:10.971000
XRPUSDT,1598288165.0,1.3665,20.0,,,False,201.08175796680683,0.9905451540475079,42.7901071748251,-0.43651227262394965,1.323,0.999999892155583,25.62832599009803,9.275220664043175,2026-03-27 03:40:12.294000
XRPUSDT,1598288166.0,1.3665,13.4,,,False,201.2430349768645,0.9905683854950033,42.802572841526974,-0.4363591467696768,13.976,0.9999998921908766,6.591317837739544,9.28026632816653,2026-03-27 03:40:26.270000
XRPUSDT,1598288167.0,1.3664,726.0,,,True,201.29860663028603,0.9905683854950033,42.81404991803199,-0.1507422504469399,0.403,0.9999998921322045,,9.285232292583022,2026-03-27 03:40:26.673000
XRPUSDT,1598288168.0,1.3664,3.7,,,True,201.45982449237624,0.99059156040282,42.8265066898799,-0.4355956920447298,0.403,0.9999998921645031,-12291.45953243138,9.290198260710257,2026-03-27 03:40:26.673000
XRPUSDT,1598288169.0,1.3664,3.9,,,True,201.6210854230033,0.9906146789059012,42.83895850109699,-0.4349997043216561,0.403,0.9999998921969151,25.779684825719873,9.29516422812056,2026-03-27 03:40:26.673000
XRPUSDT,1598288170.0,1.3664,3.9,,,True,201.7823893430062,0.9906377411388798,42.85140535715059,-0.4344040530864138,0.403,0.9999998922294385,25.82799487775584,9.300130194814574,2026-03-27 03:40:26.673000
XRPUSDT,1598288171.0,1.3664,3.9,,,True,201.94373624092083,0.9906607472360817,42.86384726412926,-0.4338089214414369,0.403,0.9999998922620739,25.86843130129111,9.30509616079271,2026-03-27 03:40:26.673000
XRPUSDT,1598288172.0,1.3664,3.9,,,True,202.10512610529213,0.9906836973315238,42.87628422811248,-0.4332143098698654,0.403,0.9999998922948209,25.908893192607497,9.310062126055543,2026-03-27 03:40:26.673000
XRPUSDT,1598288173.0,1.3664,5088.5,,,True,202.26655892467457,0.9907065915589167,42.88871625517062,-0.43262021885045915,0.403,0.9999998923276787,25.949380567045868,9.315028090603603,2026-03-27 03:40:26.673000
XRPUSDT,1598288174.0,1.3664,2234.6,,,True,202.4280346876317,0.9907294300516644,42.90114335136498,-0.4320266488583013,0.403,0.9999998923606475,25.98989341006601,9.319994054437402,2026-03-27 03:40:26.673000
XRPUSDT,1598288175.0,1.3664,3.9,,,True,202.58955338273665,0.9907522129428651,42.91356552274781,-0.4314336003646747,0.403,0.999999892393725,26.030431713062878,9.324960017557421,2026-03-27 03:40:26.673000
XRPUSDT,1598288176.0,1.3664,3.9,,,True,202.75111499857152,0.9907749403653117,42.925982775362286,-0.4308410738362946,0.403,0.9999998924269119,26.070995502145802,9.329925979964358,2026-03-27 03:40:26.673000
XRPUSDT,1598288177.0,1.3664,1196.0,,,True,202.91271952372773,0.9907976124514926,42.938395115242535,-0.43024906973646077,0.403,0.9999998924602082,26.11158475273658,9.334891941658642,2026-03-27 03:40:26.673000
XRPUSDT,1598288178.0,1.3664,3.8,,,True,203.07436694680592,0.9908202293335926,42.950802548413655,-0.4296575885239953,0.403,0.9999998924936124,26.15219948750248,9.339857902640864,2026-03-27 03:40:26.673000
XRPUSDT,1598288179.0,1.3664,432.3,,,True,203.23605725641613,0.9908427911434929,42.96320508089171,-0.4290666306546196,0.403,0.9999998925271243,26.19283966959988,9.34482386291166,2026-03-27 03:40:26.673000
XRPUSDT,1598288180.0,1.3664,3.8,,,True,203.39779044117742,0.9908652980127722,42.97560271868375,-0.4284761965792595,0.403,0.9999998925607445,26.233505337114998,9.349789822471417,2026-03-27 03:40:26.673000
XRPUSDT,1598288181.0,1.3664,3.7,,,True,203.55956648971804,0.9908877500727076,42.98799546778784,-0.4278862867451565,0.403,0.9999998925944704,26.274196479159688,9.354755781320879,2026-03-27 03:40:26.673000
XRPUSDT,1598288182.0,1.3664,3.9,,,True,203.72138539067547,0.9909101474542742,43.00038333419301,-0.4272969015960447,0.403,0.9999998926283037,26.31491307850893,9.359721739460621,2026-03-27 03:40:26.673000
XRPUSDT,1598288183.0,1.3664,3.9,,,True,203.88324713269645,0.9909324902881467,43.01276632387933,-0.4267080415714138,0.403,0.9999998926622424,26.35565515063204,9.364687696891226,2026-03-27 03:40:26.673000
XRPUSDT,1598288184.0,1.3664,3.7,,,True,204.04515170443682,0.9909547787046995,43.025144442817904,-0.42611970710710095,0.403,0.9999998926962868,26.3964226852245,9.369653653613145,2026-03-27 03:40:26.673000
XRPUSDT,1598288185.0,1.3663,3.7,,,True,204.09924234391204,0.9909547787046995,43.03655520567761,-0.14274215421392522,0.045,0.9999998926353809,,9.37461755993167,2026-03-27 03:40:26.718000
XRPUSDT,1598288186.0,1.3663,3.9,,,True,204.2611597871767,0.9909770128340082,43.04892529685809,-0.4255663290590254,0.045,0.9999998926696309,-12720.272105938864,9.37958146994819,2026-03-27 03:40:26.718000
XRPUSDT,1598288187.0,1.3663,7.4,,,True,204.4231201021622,0.9909991928058487,43.06129053337956,-0.4249793204376699,0.045,0.9999998927040582,26.465706339782148,9.384545383165284,2026-03-27 03:40:26.718000
XRPUSDT,1598288188.0,1.3663,3.9,,,True,204.58512326986573,0.9910213187496993,43.073650921105695,-0.4243928174279288,0.045,0.9999998927386611,26.507479802897954,9.389509299577925,2026-03-27 03:40:26.718000
XRPUSDT,1598288189.0,1.3663,3.9,,,True,204.7471692789354,0.9910433907947404,43.08600646595953,-0.4238068405089165,0.045,0.9999998927734393,26.548374558113434,9.39447321918092,2026-03-27 03:40:26.718000
XRPUSDT,1598288190.0,1.3663,3.9,,,True,204.90925811802842,0.9910654090698555,43.09835717385523,-0.4232213900997319,0.045,0.9999998928083914,26.589294852680126,9.399437141969093,2026-03-27 03:40:26.718000
XRPUSDT,1598288191.0,1.3663,3.9,,,True,205.0713897758112,0.9910873737036319,43.110703050698106,-0.4226364666163387,0.045,0.999999892843517,26.63024065636961,9.40440106793738,2026-03-27 03:40:26.718000
XRPUSDT,1598288192.0,1.3663,3.9,,,True,205.23356424095905,0.9911092848243611,43.123044102384576,-0.42205207046962345,0.045,0.9999998928788151,26.671212026832798,9.40936499708071,2026-03-27 03:40:26.718000
XRPUSDT,1598288193.0,1.3663,3.8,,,True,205.3957815021562,0.9911311425600396,43.13538033480225,-0.42146820206769436,0.045,0.9999998929142836,26.712208918444528,9.414328929393992,2026-03-27 03:40:26.718000
XRPUSDT,1598288194.0,1.3663,797.3,,,True,205.55804154809613,0.9911529470383693,43.14771175382986,-0.420884861814802,0.045,0.9999998929499234,26.753231334989184,9.419292864872142,2026-03-27 03:40:26.718000
XRPUSDT,1598288195.0,1.3663,3.8,,,True,205.720344367481,0.9911746983867584,43.160038365337336,-0.4203020501109552,0.045,0.9999998929857318,26.794279298039953,9.424256803510225,2026-03-27 03:40:26.718000
XRPUSDT,1598288196.0,1.3663,3380.5,,,True,205.88268994902214,0.9911963967323216,43.17236017518577,-0.4197197673527648,0.045,0.9999998930217092,26.835352791960723,9.429220745303072,2026-03-27 03:40:26.718000
XRPUSDT,1598288197.0,1.3664,5.0,,,False,206.15327761667163,0.9912396349219672,43.1856148996401,-0.6965933458234801,0.163,0.9999998931522253,-6403.449837753123,9.4341853560777,2026-03-27 03:40:26.881000
XRPUSDT,1598288198.0,1.3664,48.7,,,False,206.31575157345034,0.991261175018819,43.1979252103745,-0.4178662093007893,0.248,0.9999998931884988,12939.920300256126,9.439150444913794,2026-03-27 03:40:27.129000
XRPUSDT,1598288199.0,1.3663,5.8,,,True,206.37002221048218,0.991261175018819,43.20929719050469,-0.13994884857358356,1.075,0.9999998931306749,,9.444120175230925,2026-03-27 03:40:28.204000
XRPUSDT,1598288200.0,1.3664,7.4,,,False,206.6409485398693,0.9913040978463217,43.22253253493906,-0.69401641646536,2.84,0.9999998932616291,-12908.459207584136,9.449099828212756,2026-03-27 03:40:31.044000
XRPUSDT,1598288201.0,1.3663,5.0,,,True,206.69556224491112,0.9913040978463217,43.233901729254804,-0.14036626368085942,1.559,0.9999998932044603,,9.454072246199818,2026-03-27 03:40:32.603000
XRPUSDT,1598288202.0,1.3663,384.4,,,True,206.85834717489874,0.991325480827999,43.246196409939444,-0.4167020925199148,0.125,0.9999998932408831,-12923.16632961866,9.459036638114068,2026-03-27 03:40:32.728000
XRPUSDT,1598288203.0,1.3664,737.0,,,False,207.12937149234725,0.9913680905526039,43.259410371761106,-0.6908286829857383,4.158,0.9999998933709537,-6433.427885480425,9.464023595720347,2026-03-27 03:40:36.886000
XRPUSDT,1598288204.0,1.3664,3.7,,,False,207.29258444023893,0.9913893175448262,43.27169618227667,-0.4156172780223743,4.158,0.999999893407789,12965.162566667137,9.46901046789083,2026-03-27 03:40:36.886000
XRPUSDT,1598288205.0,1.3664,3.7,,,False,207.45583865500893,0.9914104927893792,43.28397721523039,-0.41503288371761815,4.158,0.9999998934439891,27.597995541098097,9.47399729906212,2026-03-27 03:40:36.886000
XRPUSDT,1598288206.0,1.3664,3.7,,,False,207.61913481967278,0.9914316164101927,43.29625348242713,-0.41445080442029736,4.158,0.9999998934795562,27.55584861417988,9.478984089295487,2026-03-27 03:40:36.886000
XRPUSDT,1598288207.0,1.3664,3.7,,,False,207.78247292362013,0.9914526885309108,43.30852498974585,-0.4138692767049057,4.158,0.9999998935144937,27.59701897929025,9.483970838652091,2026-03-27 03:40:36.886000
XRPUSDT,1598288208.0,1.3664,3.7,,,False,207.94585295624364,0.9914737092748926,43.32079174305627,-0.4132883008664546,4.158,0.9999998935488034,27.63821484881762,9.488957547192852,2026-03-27 03:40:36.886000
XRPUSDT,1598288209.0,1.3664,3.7,,,False,208.10927490694536,0.991494678765212,43.33305374821898,-0.41270787721206326,4.158,0.9999998935824862,27.679435482272968,9.49394421497875,2026-03-27 03:40:36.886000
XRPUSDT,1598288210.0,1.3664,3.9,,,False,208.27273876513647,0.991515597124659,43.34531101108539,-0.41212800604518984,4.158,0.9999998936155453,27.72068088532039,9.498930842070523,2026-03-27 03:40:36.886000
XRPUSDT,1598288211.0,1.3664,3.9,,,False,208.4362445202374,0.99153646447574,43.35756353749783,-0.41154868766585273,4.158,0.9999998936479824,27.761951054018148,9.503917428529112,2026-03-27 03:40:36.886000
XRPUSDT,1598288212.0,1.3664,305.1,,,False,208.59979216167773,0.9915572809406785,43.3698113332895,-0.41096992237059216,4.158,0.9999998936797997,27.80324598670427,9.508903974415242,2026-03-27 03:40:36.886000
XRPUSDT,1598288213.0,1.3664,129.7,,,False,208.76338167889628,0.9915780466414166,43.38205440428446,-0.4103917104522352,0.666,0.9999998937109984,27.844565692756284,9.513871252484757,2026-03-27 03:40:37.552000
XRPUSDT,1598288214.0,1.3663,528.1,,,True,208.8179132941908,0.9915780466414166,43.39338577252729,-0.1371739333758752,1.44,0.9999998936475991,,9.518842778775216,2026-03-27 03:40:38.992000
XRPUSDT,1598288215.0,1.3663,7.2,,,True,208.98123401206396,0.9915987616996135,43.405618705275444,-0.40914520416898315,1.44,0.9999998936778577,-13129.15793950595,9.523814308746417,2026-03-27 03:40:38.992000
XRPUSDT,1598288216.0,1.3664,1672.2,,,False,209.25333683049078,0.9916400403736182,43.41874653061437,-0.6787480952346922,0.679,0.9999998938013418,-6531.287585325265,9.528781650726927,2026-03-27 03:40:39.671000
XRPUSDT,1598288217.0,1.3664,2169.1,,,False,209.41668015787468,0.9916606042313428,43.43096737301966,-0.4070614056015067,0.679,0.9999998938312563,13211.854179851278,9.533748982057945,2026-03-27 03:40:39.671000
XRPUSDT,1598288218.0,1.3664,400.0,,,False,209.5800657766813,0.9916811179303604,43.44318354008198,-0.40649054546504165,0.679,0.9999998938612346,27.828239849684916,9.538716309916271,2026-03-27 03:40:39.671000
XRPUSDT,1598288219.0,1.3664,400.0,,,False,209.74349378904185,0.9917015815909318,43.45539503840661,-0.40592050644666633,0.679,0.9999998938912746,27.856160748286086,9.543683634306886,2026-03-27 03:40:39.671000
XRPUSDT,1598288220.0,1.3664,800.0,,,False,209.90696418397016,0.9917219953330391,43.46760187365544,-0.4053510073517689,0.679,0.9999998939213787,27.897829408498005,9.548650955234562,2026-03-27 03:40:39.671000
XRPUSDT,1598288221.0,1.3664,1230.9,,,False,210.0704769504888,0.9917423592763872,43.479804051481786,-0.40478204847791277,0.679,0.9999998939515451,27.939523506282633,9.553618272704481,2026-03-27 03:40:39.671000
XRPUSDT,1598288222.0,1.3664,3.7,,,False,210.2340320776289,0.9917626735404037,43.49200157753033,-0.40421363011999767,0.679,0.999999893981774,27.981243005087748,9.558585586721376,2026-03-27 03:40:39.671000
XRPUSDT,1598288223.0,1.3664,3.7,,,False,210.39762955443044,0.9917829382442406,43.50419445743714,-0.4036457525692352,0.679,0.9999998940120663,28.022987917014877,9.563552897290359,2026-03-27 03:40:39.671000
XRPUSDT,1598288224.0,1.3664,3.7,,,False,210.56126936994212,0.9918031535067736,43.51638269682974,-0.4030784161135607,0.679,0.9999998940424203,28.064758236366487,9.568520204416144,2026-03-27 03:40:39.671000
XRPUSDT,1598288225.0,1.3664,3.7,,,False,210.72495151322124,0.9918233194466033,43.52856630132705,-0.40251162103741567,0.679,0.9999998940728365,28.10655396833936,9.573487508103788,2026-03-27 03:40:39.671000
XRPUSDT,1598288226.0,1.3664,3.7,,,False,210.88867597333376,0.9918434361820557,43.54074527653943,-0.40194536762192257,0.679,0.9999998941033147,28.14837510946845,9.578454808358122,2026-03-27 03:40:39.671000
XRPUSDT,1598288227.0,1.3664,3.7,,,False,211.05244273935452,0.9918635038311835,43.552919628068686,-0.40137965614492654,0.679,0.9999998941338548,28.190221654481093,9.583422105184141,2026-03-27 03:40:39.671000
XRPUSDT,1598288228.0,1.3664,3.9,,,False,211.21625180036688,0.9918835225117653,43.565089361508086,-0.40081448688081717,0.679,0.9999998941644564,28.23209360881161,9.588389398586813,2026-03-27 03:40:39.671000
XRPUSDT,1598288229.0,1.3664,3.9,,,False,211.3801031454626,0.9919034923413069,43.57725448244237,-0.4002498601003809,0.679,0.9999998941951196,28.273990985161657,9.593356688570987,2026-03-27 03:40:39.671000
XRPUSDT,1598288230.0,1.3664,3.9,,,False,211.5439967637426,0.9919234134370426,43.58941499644773,-0.39968577607156824,0.679,0.9999998942258438,28.315913757818844,9.598323975141595,2026-03-27 03:40:39.671000
XRPUSDT,1598288231.0,1.3664,3.9,,,False,211.7079326443161,0.9919432859159342,43.601570909091876,-0.3991222350588078,0.679,0.9999998942566292,28.357861937371784,9.603291258303624,2026-03-27 03:40:39.671000
XRPUSDT,1598288232.0,1.3664,3.9,,,False,211.8719107763009,0.991963109894673,43.613722225934005,-0.3985592373228978,0.679,0.9999998942874758,28.39983553899177,9.608258538061921,2026-03-27 03:40:39.671000
XRPUSDT,1598288233.0,1.3664,3.9,,,False,212.0359311488236,0.9919828854896795,43.62586895252482,-0.3979967831218576,0.679,0.9999998943183821,28.44183453666299,9.61322581442149,2026-03-27 03:40:39.671000
XRPUSDT,1598288234.0,1.3664,1325.1,,,False,212.19999375101915,0.9920026128171049,43.638011094406544,-0.3974348727097837,0.679,0.9999998943493504,28.483858961588602,9.61819308738715,2026-03-27 03:40:39.671000
XRPUSDT,1598288235.0,1.3664,5236.5,,,False,212.36409857203137,0.9920222919928303,43.65014865711295,-0.3968735063383141,0.679,0.9999998943803786,28.52590877290956,9.623160356963991,2026-03-27 03:40:39.671000
XRPUSDT,1598288236.0,1.3664,6.9,,,False,212.52824560101237,0.9920419231324688,43.662281646169326,-0.3963126842550099,0.51,0.9999998944114671,28.56798401078518,9.628126722268288,2026-03-27 03:40:40.181000
XRPUSDT,1598288237.0,1.3663,1641.3,,,True,212.5830816405129,0.9920419231324688,43.673550651327375,-0.1327546999793865,9.713,0.9999998943503726,,9.633142048442464,2026-03-27 03:40:49.894000
XRPUSDT,1598288238.0,1.3663,3.7,,,True,212.74833373985993,0.9920615063513646,43.685684619797904,-0.39840894713156294,2.848,0.9999998943831667,-13565.402529850106,9.638120834671746,2026-03-27 03:40:52.742000
XRPUSDT,1598288239.0,1.3663,3.9,,,True,212.91283084139974,0.992081041764595,43.69780774488274,-0.3959278574823964,2.848,0.9999998944132329,127.00471804222808,9.643099594997647,2026-03-27 03:40:52.742000
XRPUSDT,1598288240.0,1.3663,3.9,,,True,213.07736975388838,0.99210052948697,43.70992630202712,-0.3953655255103979,2.848,0.9999998944429679,28.855705206419515,9.648078329672234,2026-03-27 03:40:52.742000
XRPUSDT,1598288241.0,1.3663,3.9,,,True,213.2419504714749,0.9921199696330333,43.72204029681561,-0.3948037596488721,2.848,0.9999998944723726,28.897203740029273,9.653057038734147,2026-03-27 03:40:52.742000
XRPUSDT,1598288242.0,1.3663,3.9,,,True,213.40657298366384,0.9921393623170625,43.734149734787614,-0.3942425489251583,2.848,0.9999998945014483,28.939301175099132,9.658035722222067,2026-03-27 03:40:52.742000
XRPUSDT,1598288243.0,1.3663,3.9,,,True,213.57123727996822,0.9921587076530703,43.746254621473916,-0.39368189354682026,2.848,0.9999998945301977,28.98142364181856,9.663014380174513,2026-03-27 03:40:52.742000
XRPUSDT,1598288244.0,1.3663,3.9,,,True,213.7359433499098,0.992178005754804,43.75835496239669,-0.39312179371828215,2.848,0.9999998945586208,29.023571140277696,9.667993012630031,2026-03-27 03:40:52.742000
XRPUSDT,1598288245.0,1.3663,1911.3,,,True,213.90069118301895,0.9921972567357473,43.77045076306948,-0.39256224964061653,2.848,0.9999998945867208,29.06574367883451,9.67297161962721,2026-03-27 03:40:52.742000
XRPUSDT,1598288246.0,1.3664,3.7,,,False,214.17506787665292,0.99223561778788,43.783384483321676,-0.6509704178934249,1.359,0.9999998947062544,-6736.211701355726,9.677942368419966,2026-03-27 03:40:54.101000
XRPUSDT,1598288247.0,1.3664,3.7,,,False,214.33975609343014,0.9922547280847208,43.79546806204012,-0.39035095228546857,1.359,0.9999998947334213,13637.64612237966,9.682913093193179,2026-03-27 03:40:54.101000
XRPUSDT,1598288248.0,1.3664,3.7,,,False,214.50448605646403,0.9922737917120756,43.80754712744904,-0.3897952972868911,1.359,0.9999998947605389,29.147390904960798,9.687883807809492,2026-03-27 03:40:54.101000
XRPUSDT,1598288249.0,1.3664,3.7,,,False,214.66925797706483,0.9922928087821157,43.819621686686,-0.3892407175951064,1.359,0.9999998947876072,29.16220483055738,9.69285451228413,2026-03-27 03:40:54.101000
XRPUSDT,1598288250.0,1.3664,3.7,,,False,214.83407184459938,0.9923117794067515,43.831691745175966,-0.3886866881222226,1.359,0.9999998948146279,29.20459834711039,9.697825206632341,2026-03-27 03:40:54.101000
XRPUSDT,1598288251.0,1.3664,3.9,,,False,214.9989276484423,0.9923307036976339,43.84375730833558,-0.3881332090604286,1.359,0.9999998948416011,29.247017245452653,9.702795890869401,2026-03-27 03:40:54.101000
XRPUSDT,1598288252.0,1.3664,6.8,,,False,215.16382537797682,0.992349581766153,43.85581838157311,-0.3875802806007976,1.359,0.9999998948685269,29.289461423036318,9.707766565010552,2026-03-27 03:40:54.101000
XRPUSDT,1598288253.0,1.3664,3.7,,,False,215.32876502259433,0.9923684137234409,43.86787497028846,-0.3870279029306773,1.326,0.9999998948954064,29.331930912716864,9.712737057362771,2026-03-27 03:40:55.427000
XRPUSDT,1598288254.0,1.3664,13.3,,,False,215.4937428087597,0.9923871996803709,43.879927051541046,-0.38646728956625676,1.444,0.9999998949222332,29.84215105505701,9.71770815309331,2026-03-27 03:40:56.871000
XRPUSDT,1598288255.0,1.3663,9.1,,,True,215.54893583499253,0.9923871996803705,43.891148755799954,-0.1296493167063816,0.636,0.9999998948577205,,9.72267504397083,2026-03-27 03:40:57.507000
XRPUSDT,1598288256.0,1.3663,92.1,,,True,215.71389079810098,0.9924059397475578,43.90319311381627,-0.38586341868897506,0.636,0.9999998948843838,-13671.994845173189,9.727641938466855,2026-03-27 03:40:57.507000
XRPUSDT,1598288257.0,1.3663,208.0,,,True,215.87888786095525,0.9924246340353599,43.91523300971543,-0.3853136000486068,0.575,0.9999998949111302,29.411050380129385,9.732608514151748,2026-03-27 03:40:58.082000
XRPUSDT,1598288258.0,1.3664,5.0,,,False,216.15384428024498,0.9924618857129576,43.928088990439996,-0.639327261171466,2.098,0.9999998950291242,-6818.851592832234,9.737582972695861,2026-03-27 03:41:00.180000
XRPUSDT,1598288259.0,1.3664,8.5,,,False,216.31911937189528,0.9924804433221865,43.94011941556651,-0.38392109681649866,1.234,0.9999998950562357,13762.880832525834,9.742552935541157,2026-03-27 03:41:01.414000
XRPUSDT,1598288260.0,1.3663,5.0,,,True,216.37435761600577,0.9924804433221865,43.95132765956699,-0.1286693848404159,4.487,0.9999998949919534,,9.747539635808339,2026-03-27 03:41:05.901000
XRPUSDT,1598288261.0,1.3664,72.0,,,False,216.6499661594387,0.9925174226281752,43.964168187383116,-0.6376095894529268,6.108,0.9999998951103299,-13762.838187618361,9.75253470627907,2026-03-27 03:41:12.009000
XRPUSDT,1598288262.0,1.3663,60.0,,,True,216.70578316356765,0.9925174226281752,43.975375209433146,-0.1295766147823579,1.059,0.9999998950463156,,9.75750371993656,2026-03-27 03:41:13.068000
XRPUSDT,1598288263.0,1.3664,73.2,,,False,216.98114362911033,0.9925542214434628,43.98820039287058,-0.6348893996647846,0.901,0.9999998951625795,-13731.767746676058,9.762471927911053,2026-03-27 03:41:13.969000
XRPUSDT,1598288264.0,1.3663,7324.1,,,True,217.03639933059245,0.9925542214434628,43.99939776282085,-0.1278470035624435,4.664,0.9999998950969644,,9.767459383663546,2026-03-27 03:41:18.633000
XRPUSDT,1598288265.0,1.3663,3.9,,,True,217.20218365702243,0.9925725534383649,44.01140544142623,-0.3819649468438361,4.664,0.9999998951229236,-13861.990723794763,9.772446843035352,2026-03-27 03:41:18.633000
XRPUSDT,1598288266.0,1.3663,3.7,,,True,217.36800998732886,0.9925908406356118,44.02340868952546,-0.3814165712978934,4.664,0.9999998951482688,29.986855751641073,9.777434259541016,2026-03-27 03:41:18.633000
XRPUSDT,1598288267.0,1.3663,3.9,,,True,217.53387756006416,0.9926090831430175,44.035407506956204,-0.3808670338980609,4.664,0.9999998951730001,30.124005851202273,9.782421633246233,2026-03-27 03:41:18.633000
XRPUSDT,1598288268.0,1.3663,3.9,,,True,217.69978636521301,0.9926272810681456,44.04740189908189,-0.3803180633923151,4.664,0.9999998951971196,30.166653719237793,9.787408964216468,2026-03-27 03:41:18.633000
XRPUSDT,1598288269.0,1.3663,3.9,,,True,217.86573639277546,0.992645434518308,44.059391871257525,-0.3797696599075612,4.664,0.9999998952206287,30.209325491688432,9.792396252517499,2026-03-27 03:41:18.633000
XRPUSDT,1598288270.0,1.3663,3.9,,,True,218.03172763276004,0.9926635436005667,44.07137742882961,-0.3792218235523992,4.664,0.9999998952435305,30.252022014945737,9.797383498214533,2026-03-27 03:41:18.633000
XRPUSDT,1598288271.0,1.3663,3.9,,,True,218.19776007518365,0.9926816084217345,44.083358577136174,-0.378674554431981,4.664,0.9999998952658257,30.29474332111447,9.80237070137334,2026-03-27 03:41:18.633000
XRPUSDT,1598288272.0,1.3663,420.8,,,True,218.3638337100717,0.992699629088374,44.09533532150679,-0.3781278526492155,4.664,0.9999998952875179,30.337489378333,9.80735786205918,2026-03-27 03:41:18.633000
XRPUSDT,1598288273.0,1.3663,13.2,,,True,218.52994852745792,0.9927176057068,44.107307667262546,-0.3775817183036436,4.664,0.9999998953086071,30.3802602151288,9.812344980337336,2026-03-27 03:41:18.633000
XRPUSDT,1598288274.0,1.3663,3.8,,,True,218.6961045173842,0.9927355383830794,44.11927561971613,-0.37703615149204245,4.664,0.9999998953290974,30.423055828481044,9.817332056273083,2026-03-27 03:41:18.633000
XRPUSDT,1598288275.0,1.3663,3.7,,,True,218.86230166990114,0.9927534272230306,44.13123918417177,-0.3764911523086696,4.664,0.9999998953489891,30.465876203171618,9.822319089931769,2026-03-27 03:41:18.633000
XRPUSDT,1598288276.0,1.3663,3.9,,,True,219.02853997506745,0.9927712723322262,44.14319836592527,-0.3759467208445351,4.664,0.9999998953682865,30.508721362713224,9.827306081378138,2026-03-27 03:41:18.633000
XRPUSDT,1598288277.0,1.3663,3.9,,,True,219.19481942295027,0.9927890738159912,44.155153170264086,-0.37540285718815614,4.664,0.999999895386989,30.551591291857786,9.832293030677434,2026-03-27 03:41:18.633000
XRPUSDT,1598288278.0,1.3663,3.7,,,True,219.36114000362497,0.9928068317794055,44.1671036024672,-0.3748595614249573,4.664,0.9999998954050999,30.594486007406577,9.83727993789456,2026-03-27 03:41:18.633000
XRPUSDT,1598288279.0,1.3662,3.7,,,True,219.41698979709662,0.9928068317794055,44.17826422969719,-0.1262355747219218,0.006,0.9999998953322873,,9.84224342193774,2026-03-27 03:41:18.639000
XRPUSDT,1598288280.0,1.3662,3.9,,,True,219.58285017754844,0.9928245463273034,44.19020401113568,-0.3732850723283392,0.006,0.9999998953485706,-13946.13619440798,9.847206909699452,2026-03-27 03:41:18.639000
XRPUSDT,1598288281.0,1.3662,7.4,,,True,219.74875241060786,0.9928422175642745,44.20213945572204,-0.37274825515648774,0.006,0.9999998953650807,30.378018965557693,9.85217040111595,2026-03-27 03:41:18.639000
XRPUSDT,1598288282.0,1.3662,5.5,,,True,219.91469648475436,0.9928598455946634,44.214070568594,-0.3722119860805587,0.006,0.999999895381815,30.421383676808514,9.857133896181725,2026-03-27 03:41:18.639000
XRPUSDT,1598288283.0,1.3662,4.1,,,True,220.0806823894207,0.9928774305225718,44.22599735488802,-0.3716762673414948,0.006,0.999999895398774,30.46465369976081,9.862097394891043,2026-03-27 03:41:18.639000
XRPUSDT,1598288284.0,1.3662,225.0,,,True,220.2467101140475,0.9928949724518579,44.237919819732724,-0.3711410990525701,0.006,0.9999998954159565,30.50794927957984,9.867060897238652,2026-03-27 03:41:18.639000
XRPUSDT,1598288285.0,1.3662,3.9,,,True,220.4127796480833,0.9929124714861367,44.24983796824882,-0.3706064813247238,0.006,0.9999998954333608,30.551270391700914,9.872024403219003,2026-03-27 03:41:18.639000
XRPUSDT,1598288286.0,1.3662,3.9,,,True,220.57889098098485,0.9929299277287816,44.26175180554912,-0.3700724142665749,0.006,0.9999998954509853,30.59461700963392,9.876987912826563,2026-03-27 03:41:18.639000
XRPUSDT,1598288287.0,1.3662,3.8,,,True,220.7450441022169,0.9929473412829244,44.27366133673859,-0.36953889798365624,0.006,0.9999998954688307,30.637989151724494,9.88195142605593,2026-03-27 03:41:18.639000
XRPUSDT,1598288288.0,1.3662,3.9,,,True,220.91123900125191,0.9929647122514548,44.28556656691437,-0.3690059325785193,0.006,0.9999998954868944,30.68138683255978,9.886914942901624,2026-03-27 03:41:18.639000
XRPUSDT,1598288289.0,1.3662,3.9,,,True,221.0774756675706,0.9929820407370233,44.2974675011657,-0.36847351815115187,0.006,0.999999895505176,30.724810039556107,9.891878463358172,2026-03-27 03:41:18.639000
XRPUSDT,1598288290.0,1.3662,3.9,,,True,221.24375409066144,0.9929993268420395,44.30936414457399,-0.367941654798896,0.006,0.9999998955236747,30.76825876959591,9.896841987420137,2026-03-27 03:41:18.639000
XRPUSDT,1598288291.0,1.3662,3.7,,,True,221.410074260021,0.9930165706686735,44.32125650221287,-0.36741034261647176,0.006,0.9999998955423889,30.811733016118605,9.901805515082183,2026-03-27 03:41:18.639000
XRPUSDT,1598288292.0,1.3662,3.9,,,True,221.57643616515375,0.9930337723188563,44.3331445791481,-0.3668795816954906,0.006,0.9999998955613164,30.85523280287968,9.906769046338807,2026-03-27 03:41:18.639000
XRPUSDT,1598288293.0,1.3662,3.9,,,True,221.74283979557188,0.9930509318942807,44.34502838043768,-0.36634937212521623,0.006,0.9999998955804588,30.898758107857983,9.911732581184738,2026-03-27 03:41:18.639000
XRPUSDT,1598288294.0,1.3662,3.7,,,True,221.90928514079587,0.9930680494964015,44.35690791113177,-0.3658197139920437,0.006,0.9999998955998134,30.94230894234705,9.916696119614413,2026-03-27 03:41:18.639000
XRPUSDT,1598288295.0,1.3661,3.7,,,True,221.9648146658771,0.9930680494964015,44.368022989358366,-0.12239473922302313,3.08,0.9999998955295846,,9.921674753680975,2026-03-27 03:41:21.719000
XRPUSDT,1598288296.0,1.3661,3.9,,,True,222.13164893426713,0.9930851252264357,44.37989794319141,-0.3661419199568255,3.08,0.9999998955498779,-14274.480812588357,9.926653391411314,2026-03-27 03:41:21.719000
XRPUSDT,1598288297.0,1.3661,2.4,,,True,222.29852489474533,0.9931021591853638,44.3917686268698,-0.365610649108821,3.08,0.9999998955698736,31.188923857637814,9.931632003238244,2026-03-27 03:41:21.719000
XRPUSDT,1598288298.0,1.3662,33.8,,,False,222.57648293105083,0.9931361021926408,44.4043902177078,-0.6063225371475299,3.867,0.9999998956792409,-7091.6488357784965,9.936614453221614,2026-03-27 03:41:25.586000
XRPUSDT,1598288299.0,1.3662,103.5,,,False,222.7435544116346,0.9931530114417704,44.416251284717944,-0.36408332232861657,1.578,0.9999998956987226,14325.841021257747,9.941585654448916,2026-03-27 03:41:27.164000
XRPUSDT,1598288300.0,1.3661,5.0,,,True,222.79932278505174,0.9931530114417704,44.427354565263904,-0.12188017294186487,0.433,0.9999998956278411,,9.946551259642202,2026-03-27 03:41:27.597000
XRPUSDT,1598288301.0,1.3661,73.2,,,True,222.96607771188775,0.9931698793213561,44.43920627561008,-0.3628674401335946,0.433,0.9999998956463678,-14286.755247828749,9.951516868472648,2026-03-27 03:41:27.597000
XRPUSDT,1598288302.0,1.3661,72.2,,,True,223.13287427810667,0.993186705931201,44.451053750577195,-0.3623410826615449,0.433,0.9999998956650376,31.281254923256284,9.956482476822687,2026-03-27 03:41:27.597000
XRPUSDT,1598288303.0,1.3662,5.1,,,False,223.41089206782522,0.9932202357397135,44.463643903674665,-0.6013139588937546,3.5,0.9999998957733165,-7127.176886281464,9.961463005912671,2026-03-27 03:41:31.097000
XRPUSDT,1598288304.0,1.3662,5.0,,,False,223.57812953679309,0.9932369391368211,44.47548348986719,-0.3613559575722357,2.385,0.9999998957927028,14365.820304462837,9.966438066519629,2026-03-27 03:41:33.482000
XRPUSDT,1598288305.0,1.3662,3.8,,,False,223.74528785337606,0.9932536016610681,44.487318041996566,-0.36057000241070336,1.351,0.9999998958115593,47.16903332771985,9.971408102399861,2026-03-27 03:41:34.833000
XRPUSDT,1598288306.0,1.3661,1.0,,,True,223.8011137020446,0.9932536016610681,44.49840564943751,-0.12076637980750789,3.535,0.9999998957407404,,9.976388678269572,2026-03-27 03:41:38.368000
XRPUSDT,1598288307.0,1.3661,3.6,,,True,223.9684496934855,0.9932702234110943,44.510234219039425,-0.3604266948131414,3.535,0.9999998957596349,-14418.476672350223,9.981369257761287,2026-03-27 03:41:38.368000
XRPUSDT,1598288308.0,1.3662,312.8,,,False,224.24714553477503,0.9933033449818848,44.52279728828502,-0.5976577856090874,0.147,0.9999998958674327,-7162.434785974072,9.986333453836698,2026-03-27 03:41:38.515000
XRPUSDT,1598288309.0,1.3661,0.5,,,True,224.30288365050828,0.9933033449818848,44.533876309961954,-0.11996293997512547,0.686,0.9999998957958303,,9.991300243316914,2026-03-27 03:41:39.201000
XRPUSDT,1598288310.0,1.3661,4.5,,,True,224.47003897585162,0.9933198449987735,44.545690232416874,-0.35820107982316474,0.686,0.9999998958137646,-14438.660363516134,9.996267036431318,2026-03-27 03:41:39.201000
XRPUSDT,1598288311.0,1.3662,74.7,,,False,224.74863720402408,0.9933527239841247,44.558233817196815,-0.5944009615955126,1.42,0.9999998959209456,-7183.916390646834,10.00123735768249,2026-03-27 03:41:40.621000
XRPUSDT,1598288312.0,1.3662,46.9,,,False,224.91598141101298,0.9933691031473344,44.57003826006453,-0.3566860543155024,0.16,0.9999998959391612,14513.251027301178,10.006201618035655,2026-03-27 03:41:40.781000
XRPUSDT,1598288313.0,1.3662,131.4,,,False,225.08323283516998,0.9933854422203511,44.581837642847965,-0.3558809880034698,2.166,0.9999998959571698,49.27245941129683,10.011175479152811,2026-03-27 03:41:42.947000
XRPUSDT,1598288314.0,1.3662,3.9,,,False,225.25073860424524,0.9934017412999779,44.59363424415123,-0.35581290534749355,2.166,0.9999998959756736,4.177085917419178,10.016149323643106,2026-03-27 03:41:42.947000
XRPUSDT,1598288315.0,1.3662,3.9,,,False,225.41828553786283,0.9934180004827909,44.605426669800266,-0.35529250709705196,2.166,0.9999998959940445,32.00642101307406,10.02112315149374,2026-03-27 03:41:42.947000
XRPUSDT,1598288316.0,1.3662,3.7,,,False,225.585873625168,0.9934342198651397,44.61721492471493,-0.3547726675428446,2.166,0.9999998960122848,32.05051481183583,10.026096962730758,2026-03-27 03:41:42.947000
XRPUSDT,1598288317.0,1.3662,3.9,,,False,225.75350285617367,0.9934503995431471,44.62899901381301,-0.3542533885166559,2.166,0.9999998960303945,32.09452165561784,10.03107075738016,2026-03-27 03:41:42.947000
XRPUSDT,1598288318.0,1.3662,3.9,,,False,225.9211732209006,0.9934665396127106,44.640778942004566,-0.35373467002405157,2.166,0.9999998960483747,32.138553713346596,10.036044535467907,2026-03-27 03:41:42.947000
XRPUSDT,1598288319.0,1.3662,3.9,,,False,226.08888470937725,0.9934826401695022,44.652554714191936,-0.3532165120685551,2.166,0.9999998960662273,32.182610962099105,10.041018297019884,2026-03-27 03:41:42.947000
XRPUSDT,1598288320.0,1.3662,3.9,,,False,226.25663731163982,0.9934987013089696,44.66432633526978,-0.35269891465058534,2.166,0.9999998960839509,32.226693443546935,10.045992042061993,2026-03-27 03:41:42.947000
XRPUSDT,1598288321.0,1.3662,425.4,,,False,226.42443101773216,0.9935147231263357,44.67609381012504,-0.352181877768551,2.166,0.999999896101549,32.270801134374736,10.05096577062014,2026-03-27 03:41:42.947000
XRPUSDT,1598288322.0,1.3662,1608.8,,,False,226.59226581770594,0.9935307057165998,44.68785714363701,-0.35166540141865366,2.166,0.999999896119021,32.31493402268515,10.055939482720053,2026-03-27 03:41:42.947000
XRPUSDT,1598288323.0,1.3662,1011.9,,,False,226.76014170162057,0.9935466491745386,44.6996163406773,-0.35114948559423254,2.166,0.999999896136367,32.359092136898255,10.060913178387764,2026-03-27 03:41:42.947000
XRPUSDT,1598288324.0,1.3662,133.6,,,False,226.92805865954304,0.993562553594705,44.711371406109855,-0.3506341302864624,0.008,0.9999998961535901,32.40327546542543,10.065876696719169,2026-03-27 03:41:42.955000
XRPUSDT,1598288325.0,1.3662,691.7,,,False,227.0957907221476,0.9935784190714303,44.72312090831598,-0.3496498583863682,0.005,0.9999998961703606,62.03859594878916,10.070840204481831,2026-03-27 03:41:42.960000
XRPUSDT,1598288326.0,1.3662,616.5,,,False,227.26356385538304,0.993594245698824,44.7348662957642,-0.34913726779405246,0.001,0.999999896187344,32.38786000094559,10.07580369702425,2026-03-27 03:41:42.961000
XRPUSDT,1598288327.0,1.3662,512.1,,,False,227.4313779454116,0.9936100335707739,44.74660757261176,-0.3486250187836212,0.001,0.9999998962045393,32.44572872500652,10.08076719315676,2026-03-27 03:41:42.962000
XRPUSDT,1598288328.0,1.3662,3.8,,,False,227.5992334004401,0.9936257827809477,44.75834474630925,-0.3481141919028469,0.001,0.9999998962219463,32.43507929209101,10.085730692874119,2026-03-27 03:41:42.962000
XRPUSDT,1598288329.0,1.3662,3.7,,,False,227.76713021025782,0.9936414934227922,44.770077821639745,-0.3476039177777003,0.001,0.999999896239566,32.479521218689484,10.090694196170865,2026-03-27 03:41:42.962000
XRPUSDT,1598288330.0,1.3662,3.9,,,False,227.93506836466162,0.9936571655895343,44.78180680337897,-0.3470941964040283,0.001,0.9999998962573937,32.52398867741545,10.095657703041901,2026-03-27 03:41:42.962000
XRPUSDT,1598288331.0,1.3662,3.9,,,False,228.10304785345565,0.9936727993741823,44.79353169629518,-0.3465850277754746,0.001,0.9999998962754321,32.56848165806653,10.100621213481853,2026-03-27 03:41:42.962000
XRPUSDT,1598288332.0,1.3662,3.8,,,False,228.27106866645195,0.9936883948695252,44.805252505149284,-0.34607641188298993,0.001,0.9999998962936776,32.61300018378865,10.105584727485443,2026-03-27 03:41:42.962000
XRPUSDT,1598288333.0,1.3662,3.9,,,False,228.43913079346993,0.9937039521681333,44.816969234694774,-0.3455683487153868,0.001,0.999999896312131,32.65754424340758,10.110548245047536,2026-03-27 03:41:42.962000
XRPUSDT,1598288334.0,1.3662,3.9,,,False,228.60723422433657,0.9937194713623598,44.82868188967779,-0.3450608382590967,0.001,0.9999998963307895,32.702113839380196,10.11551176616278,2026-03-27 03:41:42.962000
XRPUSDT,1598288335.0,1.3662,3.9,,,False,228.77537894888636,0.9937349525443397,44.84039047483707,-0.344553880498482,0.001,0.999999896349654,32.746708957522124,10.120475290826064,2026-03-27 03:41:42.962000
XRPUSDT,1598288336.0,1.3662,3.9,,,False,228.94356495696138,0.993750395805992,44.85209499490404,-0.34404747541517433,0.001,0.9999998963687219,32.791329623920255,10.12543881903203,2026-03-27 03:41:42.962000
XRPUSDT,1598288337.0,1.3662,3.7,,,False,229.11179223841103,0.9937658012390186,44.86379545460277,-0.34354162298874247,0.001,0.9999998963879936,32.835975824826654,10.130402350775602,2026-03-27 03:41:42.962000
XRPUSDT,1598288338.0,1.3662,3.9,,,False,229.28006078309244,0.9937811689349053,44.87549185864999,-0.3430363231965525,0.001,0.9999998964074671,32.88064755540025,10.135365886051499,2026-03-27 03:41:42.962000
XRPUSDT,1598288339.0,1.3662,219.4,,,True,229.44837058087015,0.9937964989849236,44.8871842117551,-0.342531576013587,0.526,0.9999998964271414,32.92534482032472,10.14033184295209,2026-03-27 03:41:43.488000
XRPUSDT,1598288340.0,1.3663,3.7,,,False,229.7289769259323,0.9938270465113607,44.89955955260698,-0.5685569248299522,1.63,0.999999896534987,-7399.137513871129,10.145302879727527,2026-03-27 03:41:45.118000
XRPUSDT,1598288341.0,1.3663,3.9,,,False,229.89756403190472,0.9938422641692483,44.91124332414938,-0.3412466402754576,1.63,0.9999998965551976,14937.271309001686,10.150273890613178,2026-03-27 03:41:45.118000
XRPUSDT,1598288342.0,1.3663,7.4,,,False,230.06619186253292,0.9938574445442044,44.922923054045306,-0.3407421705302847,1.63,0.9999998965753663,33.231705187063156,10.155244890336526,2026-03-27 03:41:45.118000
XRPUSDT,1598288343.0,1.3663,3.9,,,False,230.23486065362482,0.99387258772643,44.93459874850102,-0.3402387549286733,1.63,0.9999998965954933,33.24371285471714,10.160215878915002,2026-03-27 03:41:45.118000
XRPUSDT,1598288344.0,1.3663,3.9,,,False,230.40357039532643,0.9938876938059126,44.94627041221368,-0.339735896925915,1.63,0.9999998966155805,33.28845206570775,10.165186856366606,2026-03-27 03:41:45.118000
XRPUSDT,1598288345.0,1.3663,73.1,,,False,230.57232107779066,0.9939027628724281,44.957938049873064,-0.33923359646663165,1.63,0.9999998966356275,33.33321667714983,10.170157822709085,2026-03-27 03:41:45.118000
XRPUSDT,1598288346.0,1.3663,20.9,,,False,230.74111269117762,0.9939177950155408,44.9696016661616,-0.3387318534944248,1.63,0.999999896655634,33.37800661187592,10.175128777960026,2026-03-27 03:41:45.118000
XRPUSDT,1598288347.0,1.3662,32.4,,,True,230.79755165533518,0.9939177950155408,44.98058510671626,-0.11358960028043644,0.154,0.9999998965880018,,10.180093013277837,2026-03-27 03:41:45.272000
XRPUSDT,1598288348.0,1.3662,105.0,,,True,230.9662475329032,0.9939327903246034,44.99224128574255,-0.33803998150363823,2.54,0.9999998966077417,-14968.039690721756,10.185068096630143,2026-03-27 03:41:47.812000
XRPUSDT,1598288349.0,1.3662,2119.7,,,True,231.1352271824418,0.9939477488887584,45.00389491435363,-0.3380243949740938,0.69,0.9999998966280308,1.0419803253108375,10.190034764872419,2026-03-27 03:41:48.502000
XRPUSDT,1598288350.0,1.3662,4455.2,,,True,231.30405970891175,0.9939626707969377,45.01554341013515,-0.3371492417014439,0.69,0.9999998966478598,58.64888472262079,10.1950014304612,2026-03-27 03:41:48.502000
XRPUSDT,1598288351.0,1.3663,7.3,,,False,231.58543654055828,0.9939924050000477,45.02785811580516,-0.5594173137207239,1.139,0.9999998967552234,-7475.164920235818,10.199970127607676,2026-03-27 03:41:49.641000
XRPUSDT,1598288352.0,1.3663,4.3,,,False,231.7544240700318,0.9940072174717962,45.039497411827156,-0.3356360312818981,1.073,0.9999998967752776,15107.6259410535,10.204938510236051,2026-03-27 03:41:50.714000
XRPUSDT,1598288353.0,1.3663,40.6,,,False,231.92344569332056,0.9940219936412037,45.051132680407086,-0.33512515008645544,1.107,0.9999998967953538,34.57467096878216,10.209907040005884,2026-03-27 03:41:51.821000
XRPUSDT,1598288354.0,1.3663,75.2,,,False,232.0925116849414,0.9940367335961582,45.06276398720034,-0.3346351831112227,1.107,0.9999998968154781,33.24073762406434,10.214875563461257,2026-03-27 03:41:51.821000
XRPUSDT,1598288355.0,1.3663,3.8,,,False,232.26161859731255,0.9940514374243397,45.07439131640995,-0.3341389658711453,1.107,0.9999998968356405,33.74748629766193,10.219844080611795,2026-03-27 03:41:51.821000
XRPUSDT,1598288356.0,1.3663,80.4,,,False,232.43076642058415,0.9940661052132218,45.0860146726359,-0.3336433036780833,1.107,0.99999989685584,33.79256389933177,10.224812591468128,2026-03-27 03:41:51.821000
XRPUSDT,1598288357.0,1.3663,4.9,,,False,232.5999551449205,0.9940807370500715,45.09763406047095,-0.3331481964699606,0.807,0.9999998968760777,33.83766598882621,10.229779752581933,2026-03-27 03:41:52.628000
XRPUSDT,1598288358.0,1.3663,13.2,,,False,232.7691546215011,0.9940953330219491,45.10924930823089,-0.3325945955921017,3.603,0.9999998968963061,37.92833272781684,10.234759412517088,2026-03-27 03:41:56.231000
XRPUSDT,1598288359.0,1.3662,161.8,,,True,232.8259532047565,0.9940953330219491,45.120203783734404,-0.1119705664297509,4.5,0.9999998968299454,,10.2397430395179,2026-03-27 03:42:00.731000
XRPUSDT,1598288360.0,1.3663,200.0,,,False,233.10832669637014,0.9941244177180043,45.13247171898965,-0.5527384800036489,0.816,0.9999998969376239,-15154.633651215334,10.244710223012316,2026-03-27 03:42:01.547000
XRPUSDT,1598288361.0,1.3663,5.0,,,False,233.27764974530308,0.9941389066152774,45.14407510163031,-0.331114546034593,5.235,0.9999998969571814,15296.121560679827,10.24969706730664,2026-03-27 03:42:06.782000
XRPUSDT,1598288362.0,1.3663,1577.8,,,False,233.44745510208577,0.99415335999377,45.15567709619675,-0.331481340997685,1.804,0.9999998969775075,-25.377800995102728,10.254668618395629,2026-03-27 03:42:08.586000
XRPUSDT,1598288363.0,1.3663,3.9,,,False,233.61695829947132,0.9941677779395198,45.16727315652076,-0.3303205732293532,1.804,0.999999896996761,80.5085404308293,10.259640157118989,2026-03-27 03:42:08.586000
XRPUSDT,1598288364.0,1.3663,3.9,,,False,233.78650222523768,0.994182160538361,45.17886527787108,-0.32982868570597573,1.804,0.9999998970159589,34.200183764499435,10.264611683544588,2026-03-27 03:42:08.586000
XRPUSDT,1598288365.0,1.3663,3.9,,,False,233.95608687078936,0.9941965078759242,45.1904534648015,-0.3293373568618735,1.804,0.9999998970351012,34.245297563891405,10.269583197692105,2026-03-27 03:42:08.586000
XRPUSDT,1598288366.0,1.3663,1254.7,,,False,234.12571222645897,0.9942108200376388,45.20203772185237,-0.3288465844973212,1.804,0.999999897054189,34.2905826762476,10.274554699581705,2026-03-27 03:42:08.586000
XRPUSDT,1598288367.0,1.3663,28.8,,,False,234.29537828258648,0.9942250971087314,45.21361805355689,-0.32835636851098804,0.192,0.9999998970732231,34.335893066176794,10.279519077125725,2026-03-27 03:42:08.778000
XRPUSDT,1598288368.0,1.3663,64.4,,,False,234.46492515971056,0.9942393391742274,45.22519355213623,-0.32755886970292886,0.001,0.9999998970919529,55.99600762168564,10.284482615053545,2026-03-27 03:42:08.779000
XRPUSDT,1598288369.0,1.3662,86.7,,,True,234.5214984023051,0.9942393391742274,45.23612100681142,-0.1096173078281352,0.872,0.9999998970241203,,10.289449985999093,2026-03-27 03:42:09.651000
XRPUSDT,1598288370.0,1.3662,5.0,,,True,234.6911670502597,0.994253546318951,45.24769049512221,-0.32730598656755494,2.849,0.9999998970433623,-15322.47914507417,10.294426056959377,2026-03-27 03:42:12.500000
XRPUSDT,1598288371.0,1.3663,200.0,,,False,234.97412237421236,0.9942818561843757,45.25989836531201,-0.5434288116551376,4.172,0.9999998971496102,-7634.187653155251,10.299407926514343,2026-03-27 03:42:16.672000
XRPUSDT,1598288372.0,1.3662,14.7,,,True,235.03114867565577,0.9942818561843757,45.2708207117975,-0.10991970660832759,3.824,0.9999998970826199,,10.304388195203213,2026-03-27 03:42:20.496000
XRPUSDT,1598288373.0,1.3663,13.1,,,False,235.31433496417503,0.9943100273795965,45.283018462981744,-0.5419859594494436,6.339,0.9999998971883609,-15337.164414026087,10.30937949425455,2026-03-27 03:42:26.835000
XRPUSDT,1598288374.0,1.3662,16.4,,,True,235.37160033698254,0.9943100273795965,45.293937037285396,-0.10999739954481537,3.222,0.9999998971210753,,10.314357071280515,2026-03-27 03:42:30.057000
XRPUSDT,1598288375.0,1.3663,157.3,,,False,235.65486232835866,0.9943380605760161,45.3061238153177,-0.5402488794669985,3.426,0.9999998972256415,-15347.927988002522,10.319335549533424,2026-03-27 03:42:33.483000
XRPUSDT,1598288376.0,1.3662,242.2,,,True,235.71186666789131,0.9943380605760161,45.31703580648348,-0.10911920868862311,4.421,0.9999998971570705,,10.324318294193578,2026-03-27 03:42:37.904000
XRPUSDT,1598288377.0,1.3662,3.7,,,True,235.88216712465484,0.9943520256336209,45.32857995278574,-0.324554325874851,4.421,0.9999998971748445,-15426.725995946668,10.329301042271466,2026-03-27 03:42:37.904000
XRPUSDT,1598288378.0,1.3662,3.9,,,True,236.05250844481063,0.9943659564418641,45.340120214612504,-0.32406827985908393,4.421,0.9999998971922167,34.890008338509396,10.334283755740671,2026-03-27 03:42:37.904000
XRPUSDT,1598288379.0,1.3662,3.9,,,True,236.22288997466393,0.9943798530837806,45.35165659284642,-0.3235815713490685,4.421,0.9999998972091858,35.02346199453929,10.339266434656135,2026-03-27 03:42:37.904000
XRPUSDT,1598288380.0,1.3662,166.7,,,True,236.3933117050286,0.9943937156422095,45.36318909197792,-0.3230954265142004,4.421,0.9999998972257548,35.06891151180989,10.344249079073485,2026-03-27 03:42:37.904000
XRPUSDT,1598288381.0,1.3663,5.0,,,False,236.67709631130847,0.9944213388389774,45.37534480294715,-0.5356247139807948,0.979,0.9999998973281584,-7693.870092293186,10.349216797817071,2026-03-27 03:42:38.883000
XRPUSDT,1598288382.0,1.3662,52.7,,,True,236.7339408207479,0.9944213388389774,45.38624061987049,-0.10768845508354943,1.189,0.9999998972571807,,10.354185406790592,2026-03-27 03:42:40.072000
XRPUSDT,1598288383.0,1.3662,5.0,,,True,236.90416882428033,0.9944350996420148,45.39775978045084,-0.3210507378553094,4.528,0.999999897272542,-15505.074972154904,10.35916842357223,2026-03-27 03:42:44.600000
XRPUSDT,1598288384.0,1.3663,130.4,,,False,237.18816589577685,0.9944625200676794,45.40989979947038,-0.5332364368014284,1.171,0.9999998973745736,-7738.23504935364,10.364136947403955,2026-03-27 03:42:45.771000
XRPUSDT,1598288385.0,1.3663,11.6,,,False,237.35850075577216,0.9944761798538374,45.42140987154694,-0.3195039533504577,2.415,0.9999998973895361,15646.839634180198,10.369110797233132,2026-03-27 03:42:48.186000
XRPUSDT,1598288386.0,1.3662,8.1,,,True,237.41553765342195,0.9944761798538374,45.43229659285411,-0.1073036906186759,2.415,0.9999998973186832,,10.3740846251114,2026-03-27 03:42:48.186000
XRPUSDT,1598288387.0,1.3663,13.0,,,False,237.69953221478985,0.99450339898018,45.444419811714134,-0.5304560344675576,8.235,0.9999998974198129,-15546.139818096039,10.379083430255864,2026-03-27 03:42:56.421000
XRPUSDT,1598288388.0,1.3662,4.1,,,True,237.75715768125593,0.99450339898018,45.45530466979238,-0.10803087622206009,8.603,0.9999998973496667,,10.384083654971475,2026-03-27 03:43:05.024000
XRPUSDT,1598288389.0,1.3663,61.9,,,False,238.0418822085064,0.9945304847194726,45.46742068624405,-0.5299608223407907,2.777,0.9999998974506211,-15577.568016935142,10.389058981023638,2026-03-27 03:43:07.801000
XRPUSDT,1598288390.0,1.3663,5.0,,,False,238.21257397001966,0.994543977771098,45.47891242091883,-0.3173940719813199,4.38,0.9999998974637931,15753.793601324624,10.394041096039327,2026-03-27 03:43:12.181000
XRPUSDT,1598288391.0,1.3663,150.0,,,False,238.3834594481581,0.9945574377181252,45.49040116095981,-0.31720009452539977,1.145,0.9999998974770407,14.411457602957402,10.399009409659756,2026-03-27 03:43:13.326000
XRPUSDT,1598288392.0,1.3662,3.9,,,True,238.44045340340077,0.9945574377181252,45.50127246702792,-0.1061112609138496,2.618,0.9999998974036042,,10.40398397137404,2026-03-27 03:43:15.944000
XRPUSDT,1598288393.0,1.3662,3.9,,,True,238.61122325686756,0.9945708646408769,45.51275402307113,-0.3165094082146096,2.618,0.9999998974163161,-15669.870989249956,10.408958536618973,2026-03-27 03:43:15.944000
XRPUSDT,1598288394.0,1.3662,207.0,,,True,238.78203381969027,0.9945842586194855,45.52423177010706,-0.3160334278717333,2.618,0.9999998974288935,35.53688988037773,10.41393308334774,2026-03-27 03:43:15.944000
XRPUSDT,1598288395.0,1.3662,3.9,,,True,238.95288470708618,0.9945976197338938,45.535705710466424,-0.31555730850043395,2.618,0.9999998974413367,35.63470506646897,10.418907611590068,2026-03-27 03:43:15.944000
XRPUSDT,1598288396.0,1.3662,3.9,,,True,239.12377590971175,0.9946109480638547,45.547175848497595,-0.31508174464514116,2.618,0.9999998974536464,35.68067842610132,10.42388212137602,2026-03-27 03:43:15.944000
XRPUSDT,1598288397.0,1.3662,280.5,,,True,239.29470741823184,0.9946242436889317,45.558642188542045,-0.31460673614480805,2.618,0.9999998974658236,35.72667682682116,10.428856612735546,2026-03-27 03:43:15.944000
XRPUSDT,1598288398.0,1.3662,246.1,,,True,239.46567922331857,0.9946375066884995,45.57010473493433,-0.31413228283425954,2.618,0.9999998974778689,35.772700445476836,10.433831085698568,2026-03-27 03:43:15.944000
XRPUSDT,1598288399.0,1.3662,5.0,,,True,239.63669131565084,0.9946507371417446,45.58156349200216,-0.3136583845460787,1.958,0.9999998974897831,35.8187493203946,10.438802760868152,2026-03-27 03:43:17.902000
XRPUSDT,1598288400.0,1.3663,2904.8,,,False,239.92151961182012,0.9946771007250754,45.593619295332864,-0.5200798356098792,3.27,0.9999998975870366,-7829.79492860495,10.443779946574335,2026-03-27 03:43:21.172000
XRPUSDT,1598288401.0,1.3663,3.7,,,False,240.0927013326168,0.9946902340125962,45.60506947889015,-0.31225527658048835,3.27,0.9999998975988413,15824.260201521238,10.448757081327473,2026-03-27 03:43:21.172000
XRPUSDT,1598288402.0,1.3663,3.9,,,False,240.26392274900266,0.9947033350686663,45.616515884395824,-0.31178238315095114,3.27,0.9999998976104312,36.0958251767334,10.453734192391963,2026-03-27 03:43:21.172000
XRPUSDT,1598288403.0,1.3663,3.9,,,False,240.43518431617858,0.9947164039715366,45.62795851860375,-0.3113108912072626,3.27,0.9999998976218083,36.07739290485151,10.45871127980645,2026-03-27 03:43:21.172000
XRPUSDT,1598288404.0,1.3663,3.9,,,False,240.606486024963,0.9947294407992732,45.639397385811534,-0.3108399548496287,3.27,0.9999998976329741,36.12353918836729,10.46368834360907,2026-03-27 03:43:21.172000
XRPUSDT,1598288405.0,1.3663,3.9,,,False,240.7778278661784,0.994742445629756,45.65083249030998,-0.3103695738892358,3.27,0.9999998976439303,36.16971101728851,10.468665383838351,2026-03-27 03:43:21.172000
XRPUSDT,1598288406.0,1.3663,3.9,,,False,240.94920983065433,0.9947554185406801,45.66226383638301,-0.3098997481404276,3.27,0.9999998976546772,36.215908022379196,10.473642400532555,2026-03-27 03:43:21.172000
XRPUSDT,1598288407.0,1.3663,3.9,,,False,241.12063190922706,0.9947683596095565,45.67369142830771,-0.3094304774157965,3.27,0.9999998976652167,36.26213020835818,10.478619393729872,2026-03-27 03:43:21.172000
XRPUSDT,1598288408.0,1.3663,2426.2,,,False,241.2920940927398,0.9947812689137114,45.68511527035443,-0.30896176152619836,3.27,0.9999998976755495,36.30837758339991,10.483596363468513,2026-03-27 03:43:21.172000
XRPUSDT,1598288409.0,1.3663,1325.1,,,False,241.4635963720425,0.9947941465302881,45.69653536678664,-0.3084936002808871,3.27,0.999999897685677,36.35465014234772,10.488573309786737,2026-03-27 03:43:21.172000
XRPUSDT,1598288410.0,1.3663,2758.9,,,False,241.63513873799192,0.9948069925362459,45.70795172186105,-0.30802599348737314,3.27,0.9999998976956,36.40094789369265,10.493550232722491,2026-03-27 03:43:21.172000
XRPUSDT,1598288411.0,1.3663,1000.0,,,False,241.80672118145168,0.9948198070083618,45.71936433982758,-0.3075589409517302,3.27,0.9999998977053209,36.44727082158744,10.498527132313878,2026-03-27 03:43:21.172000
XRPUSDT,1598288412.0,1.3663,8.0,,,False,241.97834369329226,0.9948325900232299,45.730773224929386,-0.30709244247815226,3.27,0.9999998977148398,36.493618946127604,10.503504008598922,2026-03-27 03:43:21.172000
XRPUSDT,1598288413.0,1.3663,6535.3,,,False,242.1500062643907,0.9948453416572627,45.742178381402866,-0.3066264978690406,3.27,0.9999998977241581,36.5399922796558,10.508480861615661,2026-03-27 03:43:21.172000
XRPUSDT,1598288414.0,1.3663,2927.6,,,False,242.32170888563104,0.9948580619866906,45.75357981347766,-0.30616110692569887,3.083,0.9999998977332769,36.586390783335645,10.513456922740884,2026-03-27 03:43:24.255000
XRPUSDT,1598288415.0,1.3663,13.0,,,False,242.49343414493885,0.9948707510875633,45.764977436915856,-0.3056653982550913,1.723,0.9999998977421712,39.06570493687899,10.518427380422649,2026-03-27 03:43:25.978000
XRPUSDT,1598288416.0,1.3662,7156.2,,,True,242.55080182167336,0.9948707510875633,45.7757905681446,-0.10242568360597548,7.41,0.9999998976656489,,10.523421118728347,2026-03-27 03:43:33.388000
XRPUSDT,1598288417.0,1.3662,3.7,,,True,242.72298156552137,0.9948834090357492,45.787184091918654,-0.30600711675794223,7.41,0.9999998976750188,-16083.288552089862,10.528414860557973,2026-03-27 03:43:33.388000
XRPUSDT,1598288418.0,1.3662,3.7,,,True,242.89520178774598,0.9948960359069366,45.79857389808204,-0.3055416155565793,7.41,0.9999998976836609,36.86591828281596,10.53340854532914,2026-03-27 03:43:33.388000
XRPUSDT,1598288419.0,1.3662,3.9,,,True,243.06746143583698,0.994908631776634,45.809959985589835,-0.3050748271978572,7.41,0.9999998976915736,37.05884309198808,10.538402173134228,2026-03-27 03:43:33.388000
XRPUSDT,1598288420.0,1.3662,3.9,,,True,243.23976050133246,0.9949211967201702,45.82134235869716,-0.30460860389833955,7.41,0.9999998976987582,37.10508512632628,10.543395744066029,2026-03-27 03:43:33.388000
XRPUSDT,1598288421.0,1.3662,74.6,,,True,243.4120989757897,0.9949337308126942,45.832721021652205,-0.30414294543808157,7.41,0.9999998977052181,37.1513501568988,10.548389258217183,2026-03-27 03:43:33.388000
XRPUSDT,1598288422.0,1.3662,3.8,,,True,243.58447685077232,0.9949462341291773,45.84409597869628,-0.3036778515732027,7.41,0.9999998977109549,37.19763996288721,10.553382715680156,2026-03-27 03:43:33.388000
XRPUSDT,1598288423.0,1.3662,3.9,,,True,243.75689411785083,0.9949587067444117,45.85546723406375,-0.30321332205869295,7.41,0.9999998977159696,37.24395451792637,10.558376116547354,2026-03-27 03:43:33.388000
XRPUSDT,1598288424.0,1.3662,3.9,,,True,243.92935076860195,0.9949711487330121,45.86683479198209,-0.3027493566476427,7.41,0.9999998977202663,37.29029385506926,10.563369460911382,2026-03-27 03:43:33.388000
XRPUSDT,1598288425.0,1.3662,3.9,,,True,244.1018467946091,0.9949835601694155,45.8781986566719,-0.3022859550919025,7.41,0.9999998977238447,37.33665795629713,10.568362748864047,2026-03-27 03:43:33.388000
XRPUSDT,1598288426.0,1.3662,3.9,,,True,244.27438218746212,0.9949959411278814,45.88955883234687,-0.30182311714156806,7.41,0.9999998977267076,37.383046846439036,10.573355980497377,2026-03-27 03:43:33.388000
XRPUSDT,1598288427.0,1.3662,217.4,,,True,244.44695693875738,0.9950082916824932,45.90091532321381,-0.30136084254556894,7.41,0.9999998977288582,37.429460500310995,10.578349155903647,2026-03-27 03:43:33.388000
XRPUSDT,1598288428.0,1.3662,7324.7,,,True,244.61957104009772,0.9950206119071576,45.91226813347273,-0.30089913105112437,7.41,0.9999998977302976,37.47589894008369,10.583342275174346,2026-03-27 03:43:33.388000
XRPUSDT,1598288429.0,1.3662,12.9,,,True,244.79222448309255,0.9950329018756054,45.92361726731675,-0.3004379824040131,7.41,0.9999998977310275,37.52236216627978,10.588335338401485,2026-03-27 03:43:33.388000
XRPUSDT,1598288430.0,1.3662,432.2,,,True,244.96491725935763,0.995045161661392,45.93496272893215,-0.2999773963486528,7.41,0.9999998977310508,37.568850172340326,10.593328345676298,2026-03-27 03:43:33.388000
XRPUSDT,1598288431.0,1.3662,3.8,,,True,245.13764936051533,0.9950573913378976,45.946304522498394,-0.2995173726278404,0.001,0.9999998977303689,37.615362973958334,10.598291577911734,2026-03-27 03:43:33.389000
XRPUSDT,1598288432.0,1.3662,3.9,,,True,245.30974546330927,0.9950695909783274,45.957639352574766,-0.29789303372502224,0.001,0.9999998977280038,133.1464572395383,10.603254813803927,2026-03-27 03:43:33.389000
XRPUSDT,1598288433.0,1.3662,3.9,,,True,245.4818819034929,0.9950817606557129,45.96897054420841,-0.29744001201595144,0.001,0.9999998977258961,37.22544934601469,10.608218053348082,2026-03-27 03:43:33.389000
XRPUSDT,1598288434.0,1.3661,7319.9,,,True,245.539302663672,0.9950817606557129,45.979739458216144,-0.09953644680604691,0.004,0.9999998976393764,,10.613181308510363,2026-03-27 03:43:33.393000
XRPUSDT,1598288435.0,1.3661,3.7,,,True,245.71149315065676,0.9950939004429115,45.9910646270756,-0.29708090323480596,0.004,0.9999998976378038,-16272.48099138341,10.618144567322204,2026-03-27 03:43:33.393000
XRPUSDT,1598288436.0,1.3661,3.9,,,True,245.88372395307118,0.9951060104126062,46.00238616697868,-0.2966287765630665,0.004,0.9999998976364862,37.335078711012116,10.623107829746667,2026-03-27 03:43:33.393000
XRPUSDT,1598288437.0,1.3661,7.4,,,True,246.05599506091056,0.9951180906373075,46.01370408196612,-0.2961771896309549,0.004,0.9999998976354222,37.382328828831895,10.628071095778813,2026-03-27 03:43:33.393000
XRPUSDT,1598288438.0,1.3661,5.5,,,True,246.22830646472804,0.9951301411893535,46.025018376075,-0.29572614317819346,0.004,0.9999998976346097,37.42952613618685,10.633034365413591,2026-03-27 03:43:33.393000
XRPUSDT,1598288439.0,1.3661,3.9,,,True,246.40065815508316,0.9951421621409098,46.036329053336104,-0.295275636993483,0.004,0.9999998976340488,37.47674904114295,10.637997638645762,2026-03-27 03:43:33.393000
XRPUSDT,1598288440.0,1.3661,3.9,,,True,246.5730501225424,0.9951541535639694,46.04763611777384,-0.2948256708644854,0.004,0.9999998976337382,37.52399750721734,10.642960915470749,2026-03-27 03:43:33.393000
XRPUSDT,1598288441.0,1.3661,73.2,,,True,246.7454823576788,0.9951661155303546,46.058939573406356,-0.29437624457693295,0.004,0.9999998976336764,37.57127156857374,10.647924195883059,2026-03-27 03:43:33.393000
XRPUSDT,1598288442.0,1.3661,188.0,,,True,246.91795485107178,0.9951780481117155,46.070239424245514,-0.293927357915196,0.004,0.9999998976338624,37.61857121779294,10.652887479877856,2026-03-27 03:43:33.393000
XRPUSDT,1598288443.0,1.3661,73.2,,,True,247.0904675933077,0.9951899513795327,46.08153567429685,-0.2934790106623737,0.004,0.9999998976342964,37.66589643347371,10.657850767450238,2026-03-27 03:43:33.393000
XRPUSDT,1598288444.0,1.3661,3.9,,,True,247.26302057497944,0.995201825405115,46.09282832755967,-0.29303120259993076,0.004,0.9999998976349753,37.713247233446104,10.66281405859509,2026-03-27 03:43:33.393000
XRPUSDT,1598288445.0,1.3661,3.9,,,True,247.43561378668647,0.9952136702596028,46.104117388027,-0.29258393350771916,0.004,0.9999998976358994,37.76062362542277,10.66777735330743,2026-03-27 03:43:33.393000
XRPUSDT,1598288446.0,1.3661,4.4,,,True,247.60824721903472,0.9952254860139652,46.11540285968559,-0.2921372031642073,0.004,0.9999998976370668,37.80802560810739,10.672740651582412,2026-03-27 03:43:33.393000
XRPUSDT,1598288447.0,1.3661,3.9,,,True,247.780920862637,0.9952372727390028,46.12668474651594,-0.2916910113466792,0.004,0.9999998976384774,37.855453156573155,10.677703953415058,2026-03-27 03:43:33.393000
XRPUSDT,1598288448.0,1.3661,3.8,,,True,247.9536347081124,0.9952490305053481,46.13796305249238,-0.29124535783048344,0.004,0.9999998976401295,37.902906309502036,10.682667258800342,2026-03-27 03:43:33.393000
XRPUSDT,1598288449.0,1.3661,3.7,,,True,248.12638874608683,0.9952607593834639,46.14923778158292,-0.2908002423900333,0.004,0.9999998976420227,37.95038502861908,10.687630567733205,2026-03-27 03:43:33.393000
XRPUSDT,1598288450.0,1.3661,3.9,,,True,248.2991829671926,0.9952724594436457,46.160508937749434,-0.2903556647977441,0.004,0.9999998976441546,37.99788935962066,10.692593880209035,2026-03-27 03:43:33.393000
XRPUSDT,1598288451.0,1.3661,3.9,,,True,248.4720173620687,0.995284130756021,46.17177652494751,-0.2899116248253507,0.004,0.9999998976465259,38.04541923973081,10.697557196222647,2026-03-27 03:43:33.393000
XRPUSDT,1598288452.0,1.366,3.7,,,True,248.5296531797781,0.995284130756021,46.18250251041205,-0.09698480000865607,0.004,0.9999998975648022,,10.702520515761966,2026-03-27 03:43:33.397000
XRPUSDT,1598288453.0,1.366,3.9,,,True,248.70254113471105,0.9952957733905501,46.19376416798101,-0.28955792835726213,0.004,0.999999897567673,-16540.339548303153,10.707483838860322,2026-03-27 03:43:33.397000
XRPUSDT,1598288454.0,1.366,5.0,,,True,248.87546924212276,0.9953073874170262,46.20502226584253,-0.28911478472518526,0.004,0.9999998975707798,38.1558999360896,10.71244716548182,2026-03-27 03:43:33.397000
XRPUSDT,1598288455.0,1.3661,3.8,,,False,249.1637564928645,0.9953305299241607,46.21681126295419,-0.47980101948899717,4.108,0.9999998976583752,-8239.653277637986,10.71742642132424,2026-03-27 03:43:37.505000
XRPUSDT,1598288456.0,1.366,7.4,,,True,249.22180950917462,0.9953305299241607,46.2275294813898,-0.09699708589731883,4.735,0.9999998975782671,,10.72240803321013,2026-03-27 03:43:42.240000
XRPUSDT,1598288457.0,1.366,4.1,,,True,249.3952755466552,0.9953420585435747,46.238778847510424,-0.2884794689738206,4.735,0.9999998975822402,-16609.307342032847,10.727389648573508,2026-03-27 03:43:42.240000
XRPUSDT,1598288458.0,1.366,500.2,,,True,249.5687816977051,0.9953535588324475,46.250024660143524,-0.2880360235862609,4.735,0.9999998975858834,38.55949989310116,10.732371230841672,2026-03-27 03:43:42.240000
XRPUSDT,1598288459.0,1.366,3.9,,,True,249.74232731470508,0.9953650308597435,46.26126692030248,-0.2875920661309417,4.735,0.999999897589195,38.699128224144516,10.737352780068884,2026-03-27 03:43:42.240000
XRPUSDT,1598288460.0,1.366,3.9,,,True,249.91591238904127,0.9953764746942627,46.27250563195209,-0.2871486572034792,4.735,0.9999998975921784,38.746534364624495,10.742334296309592,2026-03-27 03:43:42.240000
XRPUSDT,1598288461.0,1.366,1593.8,,,True,250.0895369121107,0.9953878904046402,46.2837407990508,-0.2867057965347631,4.735,0.9999998975948345,38.79396498980831,10.747315779618214,2026-03-27 03:43:42.240000
XRPUSDT,1598288462.0,1.366,659.0,,,True,250.26320087531656,0.9953992780593479,46.29497242555071,-0.28626348384710343,4.735,0.9999998975971649,38.84142073241575,10.752297230049129,2026-03-27 03:43:42.240000
XRPUSDT,1598288463.0,1.366,3.9,,,True,250.43690427006865,0.9954106377266938,46.30620051539758,-0.28582171886169977,4.735,0.9999998975991712,38.88890158068915,10.757278647656722,2026-03-27 03:43:42.240000
XRPUSDT,1598288464.0,1.366,3.8,,,True,250.6106470877827,0.9954219694748231,46.31742507253081,-0.2853805012978827,4.735,0.9999998976008547,38.93640758541273,10.762260032495039,2026-03-27 03:43:42.240000
XRPUSDT,1598288465.0,1.366,3.9,,,True,250.78442931988093,0.9954332733717174,46.32864610088346,-0.2849398308742956,4.735,0.9999998976022177,38.983938698997214,10.767241384618355,2026-03-27 03:43:42.240000
XRPUSDT,1598288466.0,1.366,3.9,,,True,250.95825095779168,0.9954445494851972,46.3398636043823,-0.28449970730784,4.735,0.9999998976032608,39.03149495988968,10.77222270408061,2026-03-27 03:43:42.240000
XRPUSDT,1598288467.0,1.366,3.7,,,True,251.1321119929496,0.9954557978829199,46.35107758694778,-0.2840601303145655,4.735,0.9999998976039864,39.07907633699088,10.777203990936009,2026-03-27 03:43:42.240000
XRPUSDT,1598288468.0,1.366,3.9,,,True,251.30601241679557,0.9954670186323815,46.362288052494044,-0.2836210996088,4.735,0.9999998976043956,39.12668287164448,10.782185245238344,2026-03-27 03:43:42.240000
XRPUSDT,1598288469.0,1.366,2278.9,,,True,251.47995222077674,0.995478211800917,46.373495004928955,-0.2831826149040145,4.735,0.9999998976044896,39.17431452903357,10.78716646704146,2026-03-27 03:43:42.240000
XRPUSDT,1598288470.0,1.366,4725.8,,,True,251.65393139634642,0.9954893774557005,46.38469844815409,-0.2827446759121664,0.001,0.999999897604271,39.2219713342431,10.792129714295458,2026-03-27 03:43:42.241000
XRPUSDT,1598288471.0,1.366,320.0,,,True,251.8275389865605,0.995500515663745,46.39589655296255,-0.2816429395007778,0.001,0.9999998976031031,98.91505051738622,10.797092965127025,2026-03-27 03:43:42.241000
XRPUSDT,1598288472.0,1.366,3.9,,,True,252.00118656297042,0.995511626491904,46.40709116818218,-0.2812094679582418,0.001,0.9999998976021811,39.0134323323287,10.802056219531142,2026-03-27 03:43:42.242000
XRPUSDT,1598288473.0,1.366,3.9,,,True,252.17487411635216,0.9955227100068709,46.41828229763886,-0.2807765291684382,0.001,0.9999998976015058,39.06150630874354,10.807019477503054,2026-03-27 03:43:42.242000
XRPUSDT,1598288474.0,1.366,3.8,,,True,252.34860163748772,0.9955337662751793,46.42946994515252,-0.28034412287172683,0.001,0.9999998976010738,39.10960594012329,10.811982739037777,2026-03-27 03:43:42.242000
XRPUSDT,1598288475.0,1.366,3.9,,,True,252.52236911716548,0.9955447953632045,46.44065411453701,-0.27991224880748045,0.001,0.9999998976008866,39.15773119770608,10.816946004130498,2026-03-27 03:43:42.242000
XRPUSDT,1598288476.0,1.366,3.9,,,True,252.69617654618014,0.9955557973371625,46.451834809600314,-0.27948090671418063,0.001,0.9999998976009409,39.20588204873351,10.821909272776077,2026-03-27 03:43:42.242000
XRPUSDT,1598288477.0,1.366,3.7,,,True,252.87002391533284,0.9955667722631113,46.46301203414435,-0.27905009632896405,0.001,0.9999998976012375,39.25405849896584,10.826872544970035,2026-03-27 03:43:42.242000
XRPUSDT,1598288478.0,1.366,1916.7,,,True,253.04391121543102,0.9955777202069505,46.47418579196514,-0.2786198173876411,0.001,0.9999998976017739,39.302260556362796,10.831835820707097,2026-03-27 03:43:42.242000
XRPUSDT,1598288479.0,1.366,3.9,,,True,253.21783843728855,0.9955886412344226,46.485356086852704,-0.2781900696247668,0.001,0.9999998976025504,39.350488218337475,10.836799099982658,2026-03-27 03:43:42.242000
XRPUSDT,1598288480.0,1.366,3.7,,,True,253.39180557172557,0.9955995354111126,46.49652292259116,-0.27776085277362894,0.001,0.9999998976035644,39.39874148843503,10.841762382791721,2026-03-27 03:43:42.242000
XRPUSDT,1598288481.0,1.366,5.0,,,False,253.56581260956852,0.9956104028024485,46.507686302958675,-0.2773321665663112,3.24,0.9999998976048166,39.44702036267488,10.846737738594838,2026-03-27 03:43:45.482000
XRPUSDT,1598288482.0,1.3659,3.7,,,True,253.62409787077172,0.9956104028024485,46.5183430228709,-0.09319217728157204,5.72,0.9999998975230616,,10.85172229098749,2026-03-27 03:43:51.202000
XRPUSDT,1598288483.0,1.3659,1.3,,,True,253.79864656274555,0.9956212434737023,46.52950274558755,-0.2777625380875015,5.72,0.9999998975252266,-17025.73175452189,10.856706846869082,2026-03-27 03:43:51.202000
XRPUSDT,1598288484.0,1.366,69.3,,,False,254.0893271142818,0.9956428449162674,46.54116116737218,-0.4604583535878961,4.41,0.999999897610618,-8457.574763792923,10.861686504687698,2026-03-27 03:43:55.612000
XRPUSDT,1598288485.0,1.366,0.5,,,False,254.2638697662509,0.9956536058173429,46.55231237138362,-0.2762122798609061,4.41,0.9999998976117567,17121.80721999077,10.866666100333552,2026-03-27 03:43:55.612000
XRPUSDT,1598288486.0,1.366,6.7,,,False,254.4384511161056,0.9956643402578642,46.563460125891474,-0.2757823123407524,1.413,0.999999897612634,40.0549538933441,10.871634585291476,2026-03-27 03:43:57.025000
XRPUSDT,1598288487.0,1.3659,2.4,,,True,254.49664531096852,0.9956643402578642,46.57410454828106,-0.09222550111009123,7.826,0.9999998975292801,,10.876626725434853,2026-03-27 03:44:04.851000
XRPUSDT,1598288488.0,1.3659,7.4,,,True,254.67156840946862,0.9956750483023257,46.58524778137262,-0.2758920050434554,7.826,0.9999998975304663,-17152.19847978799,10.88161886914202,2026-03-27 03:44:04.851000
XRPUSDT,1598288489.0,1.3659,4.1,,,True,254.84653134494056,0.9956857300150669,46.59638757273297,-0.2754631501583156,7.826,0.9999998975310099,40.14851321410635,10.886610958230206,2026-03-27 03:44:04.851000
XRPUSDT,1598288490.0,1.3659,3.9,,,True,255.02153307893454,0.9956963854602743,46.607523921751195,-0.27503322083178805,7.826,0.9999998975309105,40.34832127230733,10.891602992789952,2026-03-27 03:44:04.851000
XRPUSDT,1598288491.0,1.3659,3.1,,,True,255.196573603484,0.9957070147019798,46.61865683224013,-0.2746038392046479,7.826,0.9999998975301696,40.396261467930266,10.896594972911673,2026-03-27 03:44:04.851000
XRPUSDT,1598288492.0,1.3659,0.8,,,True,255.37165291063997,0.9957176178040624,46.629786308006395,-0.27417500495958846,2.06,0.9999998975287893,40.44422488020897,10.901565744286442,2026-03-27 03:44:06.911000
XRPUSDT,1598288493.0,1.3659,3.9,,,True,255.5462841670447,0.995728194830248,46.640910290862784,-0.2729883923676755,2.06,0.9999998975260042,112.18773321487393,10.906536504013149,2026-03-27 03:44:06.911000
XRPUSDT,1598288494.0,1.3659,39.1,,,True,255.72095494537854,0.9957387458441102,46.65203085995774,-0.2725645345511604,2.06,0.9999998975232373,40.172235773025065,10.911507252175111,2026-03-27 03:44:06.911000
XRPUSDT,1598288495.0,1.366,17.1,,,False,256.012049072398,0.9957597700883958,46.66363794677532,-0.4521613566371834,5.017,0.999999897603874,-8542.367547013087,10.916488795314672,2026-03-27 03:44:11.928000
XRPUSDT,1598288496.0,1.3659,7.8,,,True,256.070663906584,0.9957597700883958,46.67426281811468,-0.09141615245115595,2.298,0.999999897518153,,10.921460366454225,2026-03-27 03:44:14.226000
XRPUSDT,1598288497.0,1.3659,7278.5,,,True,256.2454727473724,0.9957702434452066,46.68537324765507,-0.2713257013088779,0.965,0.9999998975151416,-17177.830575958375,10.926427088487854,2026-03-27 03:44:15.191000
XRPUSDT,1598288498.0,1.3659,73.2,,,True,256.42020958919835,0.9957806910424682,46.69647981147038,-0.27073174245427767,0.965,0.9999998975119481,56.85123954579221,10.931393807041003,2026-03-27 03:44:15.191000
XRPUSDT,1598288499.0,1.3659,73.2,,,True,256.5949860525254,0.9957911129429962,46.70758298258149,-0.27031127141533196,0.965,0.9999998975088957,40.34494839204971,10.936360522126941,2026-03-27 03:44:15.191000
XRPUSDT,1598288500.0,1.3659,132.1,,,True,256.76980212858837,0.9958015092094555,46.71868276467099,-0.2698913287710507,0.965,0.9999998975059858,40.39360148396611,10.941327233752451,2026-03-27 03:44:15.191000
XRPUSDT,1598288501.0,1.3659,3.9,,,True,256.94465780847247,0.9958118799043613,46.72977916141502,-0.26947191398291076,0.965,0.9999998975032178,40.442303235473915,10.94629394192397,2026-03-27 03:44:15.191000
XRPUSDT,1598288502.0,1.3659,3.9,,,True,257.11955308326907,0.9958222250900783,46.740872176483926,-0.2690530267522462,0.965,0.9999998975005905,40.49103052574214,10.951260646648116,2026-03-27 03:44:15.191000
XRPUSDT,1598288503.0,1.3659,3.9,,,True,257.29448794407574,0.9958325448288228,46.75196181354229,-0.2686346667794516,0.965,0.9999998974981039,40.53978333707244,10.956227347931643,2026-03-27 03:44:15.191000
XRPUSDT,1598288504.0,1.3659,3.7,,,True,257.4694623819961,0.9958428391826606,46.76304807624891,-0.268216833763679,0.965,0.999999897495758,40.58856168686962,10.961194045780955,2026-03-27 03:44:15.191000
XRPUSDT,1598288505.0,1.3659,3.7,,,True,257.6444763881398,0.9958531082135098,46.77413096825681,-0.2677995274029261,0.965,0.9999998974935527,40.637365578135864,10.966160740202696,2026-03-27 03:44:15.191000
XRPUSDT,1598288506.0,1.3659,3.9,,,True,257.8195299536229,0.9958633519831394,46.785210493213285,-0.26738274739419454,0.965,0.9999998974914873,40.68619500475636,10.97112743120333,2026-03-27 03:44:15.191000
XRPUSDT,1598288507.0,1.3659,3.9,,,True,257.99462306956747,0.9958735705531707,46.79628665475986,-0.2669664934334531,0.965,0.9999998974895603,40.73504995943095,10.976094118789618,2026-03-27 03:44:15.191000
XRPUSDT,1598288508.0,1.3659,3.9,,,True,258.1697557271015,0.9958837639850774,46.80735945653233,-0.26655076521544463,0.965,0.9999998974877732,40.78393045785395,10.981060802967953,2026-03-27 03:44:15.191000
XRPUSDT,1598288509.0,1.3659,12.8,,,True,258.34492791735926,0.9958939323401852,46.818428902160775,-0.2661355624338153,0.965,0.9999998974861248,40.83283650375782,10.986027483744955,2026-03-27 03:44:15.191000
XRPUSDT,1598288510.0,1.3659,3.8,,,True,258.52013963148113,0.9959040756796733,46.829494995269535,-0.26572088478126416,0.965,0.999999897484614,40.881768084045284,10.99099416112723,2026-03-27 03:44:15.191000
XRPUSDT,1598288511.0,1.3659,3.9,,,True,258.6953908606134,0.9959141940645736,46.84055773947726,-0.2653067319494963,0.965,0.999999897483242,40.93072519472419,10.995960835121123,2026-03-27 03:44:15.191000
XRPUSDT,1598288512.0,1.3659,3.7,,,True,258.87068159590876,0.9959242875557723,46.851617138396904,-0.26489310362893487,0.965,0.9999998974820071,40.97970785501465,11.000927505733298,2026-03-27 03:44:15.191000
XRPUSDT,1598288513.0,1.3659,3.7,,,True,259.0460118285256,0.995934356214009,46.862673195635686,-0.264479999508883,0.965,0.9999998974809098,41.02871607513694,11.005894172970306,2026-03-27 03:44:15.191000
XRPUSDT,1598288514.0,1.3659,3.9,,,True,259.2213815496285,0.995944400099878,46.87372591479521,-0.26406741927782207,0.965,0.9999998974799498,41.077749831739325,11.010860836838694,2026-03-27 03:44:15.191000
XRPUSDT,1598288515.0,1.3658,4.4,,,True,259.2798781364993,0.995944400099878,46.88430564929969,-0.08837157545754727,0.012,0.9999998973960805,,11.015824123909663,2026-03-27 03:44:15.203000
XRPUSDT,1598288516.0,1.3658,5.5,,,True,259.45522241477283,0.9959544192738276,46.89535243983877,-0.26361758716266004,0.012,0.9999998973952873,-17491.063892750026,11.020787414492137,2026-03-27 03:44:15.203000
XRPUSDT,1598288517.0,1.3658,357.3,,,True,259.63060628360444,0.9959644137961619,46.906395902823824,-0.263206496152949,0.012,0.9999998973947296,41.13163150381095,11.025750708495758,2026-03-27 03:44:15.203000
XRPUSDT,1598288518.0,1.3658,7.4,,,True,259.8060297325171,0.9959743837270395,46.91743604182256,-0.26279592393065715,0.065,0.9999998973944083,41.181050032372085,11.030714192940597,2026-03-27 03:44:15.268000
XRPUSDT,1598288519.0,1.3658,4.1,,,True,259.98149707886756,0.9959843291264754,46.9284728776334,-0.2623923191278142,0.065,0.9999998973943277,40.5820606246035,11.035677680421676,2026-03-27 03:44:15.268000
XRPUSDT,1598288520.0,1.3658,3.9,,,True,260.1570039807031,0.9959942500543396,46.93950639647739,-0.2619827550955741,0.065,0.9999998973944756,41.28283542075784,11.040641170935226,2026-03-27 03:44:15.268000
XRPUSDT,1598288521.0,1.3658,3.9,,,True,260.3325504290973,0.9960041465703595,46.950536601912155,-0.26157371132565,0.065,0.9999998973948505,41.33209799302112,11.045604664476986,2026-03-27 03:44:15.268000
XRPUSDT,1598288522.0,1.3658,3.9,,,True,260.5081364151305,0.9960140187341185,46.96156349748968,-0.26116518750506273,0.065,0.9999998973954518,41.381386143808506,11.050568161043294,2026-03-27 03:44:15.268000
XRPUSDT,1598288523.0,1.3658,73.2,,,True,260.68376192988865,0.996023866605057,46.97258708675649,-0.2607571833193812,0.065,0.9999998973962784,41.430699917751504,11.05553166063015,2026-03-27 03:44:15.268000
XRPUSDT,1598288524.0,1.3658,3.7,,,True,260.85942696446426,0.9960336902424727,46.98360737325343,-0.26034969845313366,0.065,0.9999998973973291,41.48003931810189,11.060495163233348,2026-03-27 03:44:15.268000
XRPUSDT,1598288525.0,1.3658,4.4,,,True,261.0351315099555,0.9960434897055209,46.99462436051585,-0.259942732589655,0.065,0.9999998973986034,41.52940436380426,11.065458668849459,2026-03-27 03:44:15.268000
XRPUSDT,1598288526.0,1.3658,3.9,,,True,261.2108755574666,0.9960532650532151,47.005638052073564,-0.2595362854116433,0.065,0.9999998974001003,41.578795018513674,11.070422177474278,2026-03-27 03:44:15.268000
XRPUSDT,1598288527.0,1.3658,3.9,,,True,261.3866590981082,0.9960630163444271,47.016648451450834,-0.25913035660065276,0.065,0.999999897401818,41.62821129711241,11.075385689103886,2026-03-27 03:44:15.268000
XRPUSDT,1598288528.0,1.3658,3.9,,,True,261.5624821229964,0.9960727436378868,47.02765556216639,-0.25872494583677125,0.065,0.9999998974037568,41.67765325066579,11.080349203734277,2026-03-27 03:44:15.268000
XRPUSDT,1598288529.0,1.3658,3.8,,,True,261.7383446232538,0.9960824469921837,47.03865938773345,-0.2583200527999793,0.065,0.9999998974059152,41.727120787404,11.085312721361834,2026-03-27 03:44:15.268000
XRPUSDT,1598288530.0,1.3658,3.9,,,True,261.9142465900084,0.9960921264657663,47.04965993165976,-0.25791567716845526,0.065,0.9999998974082933,41.77661399409223,11.090276241982444,2026-03-27 03:44:15.268000
XRPUSDT,1598288531.0,1.3658,3.7,,,True,262.0901880143952,0.9961017821169424,47.0606571974475,-0.2575118186201626,0.065,0.9999998974108883,41.82613279253073,11.09523976559218,2026-03-27 03:44:15.268000
XRPUSDT,1598288532.0,1.3658,3.9,,,True,262.26616888755393,0.9961114140038801,47.0716511885934,-0.2571084768310714,0.065,0.9999998974137013,41.87567728940776,11.100203292187533,2026-03-27 03:44:15.268000
XRPUSDT,1598288533.0,1.3658,3.7,,,True,262.4421892006314,0.9961210221846076,47.08264190858872,-0.2567056514774545,0.065,0.9999998974167297,41.92524735350628,11.105166821764255,2026-03-27 03:44:15.268000
XRPUSDT,1598288534.0,1.3657,7.4,,,True,262.5008361958319,0.9961210221846076,47.09317814788106,-0.08580877825840026,0.26,0.9999998973372984,,11.110131025018495,2026-03-27 03:44:15.528000
XRPUSDT,1598288535.0,1.3657,3.7,,,True,262.67692467083515,0.996130606717014,47.104163404929864,-0.2564025558451084,0.26,0.9999998973408099,-17798.862829524176,11.115095231699557,2026-03-27 03:44:15.528000
XRPUSDT,1598288536.0,1.3657,4.4,,,True,262.85305257324643,0.9961401676588485,47.11514539881586,-0.25600053878207973,0.26,0.9999998973445154,42.0478515599333,11.120059439998938,2026-03-27 03:44:15.528000
XRPUSDT,1598288537.0,1.3657,4.1,,,True,263.02921986180326,0.9961497050677225,47.126124132890006,-0.2555989907140389,0.26,0.9999998973484141,42.102427750134005,11.125023649914906,2026-03-27 03:44:15.528000
XRPUSDT,1598288538.0,1.3657,3.9,,,True,263.2054265277055,0.9961592190011083,47.13709961062256,-0.25519795848868865,0.26,0.9999998973525055,42.152095152349176,11.129987861446065,2026-03-27 03:44:15.528000
XRPUSDT,1598288539.0,1.3657,282.1,,,True,263.38167256215905,0.9961687095163402,47.148071835478476,-0.2547974417753303,0.26,0.9999998973567888,42.201788161250114,11.134952074590494,2026-03-27 03:44:15.528000
XRPUSDT,1598288540.0,1.3657,361.9,,,True,263.5579579563758,0.9961781766706149,47.15904081091715,-0.2543974402420031,0.116,0.9999998973612634,42.25150681174238,11.1399157976376,2026-03-27 03:44:15.644000
XRPUSDT,1598288541.0,1.3657,3.9,,,True,263.7342712742052,0.996187620520991,47.17000649717503,-0.25398155032788383,0.003,0.999999897365909,44.03817273240662,11.144879138035927,2026-03-27 03:44:15.647000
XRPUSDT,1598288542.0,1.3657,3.9,,,True,263.9106149967687,0.9961970411243911,47.180968907413245,-0.2535698309058674,0.003,0.9999998973707418,43.7041455338307,11.149842481808186,2026-03-27 03:44:15.647000
XRPUSDT,1598288543.0,1.3657,3.9,,,True,264.08699808456663,0.9962064385375992,47.191928079077634,-0.25317152313880215,0.003,0.9999998973757889,42.38483061745406,11.154805828949915,2026-03-27 03:44:15.647000
XRPUSDT,1598288544.0,1.3657,3.9,,,True,264.2634205287978,0.9962158128172647,47.2028840156036,-0.2527737286665247,0.003,0.9999998973810489,42.43467087296521,11.159769179456628,2026-03-27 03:44:15.647000
XRPUSDT,1598288545.0,1.3657,3.9,,,True,264.4398823206675,0.9962251640198996,47.21383672042113,-0.2523764471543223,0.003,0.9999998973865211,42.48453677174354,11.164732533323663,2026-03-27 03:44:15.647000
XRPUSDT,1598288546.0,1.3657,89.3,,,True,264.61638345138647,0.9962344922018801,47.224786196954845,-0.25197967826636186,0.003,0.9999998973922045,42.53442833653144,11.16969589054687,2026-03-27 03:44:15.647000
XRPUSDT,1598288547.0,1.3657,3.7,,,True,264.7929239121714,0.9962437974194469,47.235732448624034,-0.2515834216662373,0.003,0.9999998973980982,42.584345532961585,11.1746592511215,2026-03-27 03:44:15.647000
XRPUSDT,1598288548.0,1.3657,3.9,,,True,264.96950369424496,0.9962530797287056,47.246675478842576,-0.2511876770163687,0.003,0.9999998974042017,42.63428839098881,11.179622615043199,2026-03-27 03:44:15.647000
XRPUSDT,1598288549.0,1.3657,3.8,,,True,265.14612278883567,0.9962623391856267,47.25761529101904,-0.2507924439784073,0.003,0.9999998974105135,42.68425689858225,11.184585982307556,2026-03-27 03:44:15.647000
XRPUSDT,1598288550.0,1.3657,3.9,,,True,265.3227811871781,0.9962715758460463,47.26855188855666,-0.2503977222130525,0.003,0.9999998974170327,42.734251062844216,11.189549352910134,2026-03-27 03:44:15.647000
XRPUSDT,1598288551.0,1.3657,3.9,,,True,265.4994788805126,0.9962807897656656,47.279485274853265,-0.25000351138042415,0.003,0.9999998974237592,42.784270855107735,11.194512726846236,2026-03-27 03:44:15.647000
XRPUSDT,1598288552.0,1.3657,3.7,,,True,265.67621586008505,0.9962899810000524,47.290415453301485,-0.2496098111391789,0.003,0.9999998974306916,42.83431633626333,11.199476104112023,2026-03-27 03:44:15.647000
XRPUSDT,1598288553.0,1.3656,3.7,,,True,265.735081354506,0.9962899810000524,47.30090895060762,-0.08340613787789297,0.972,0.9999998973555848,,11.204442725080945,2026-03-27 03:44:16.619000
XRPUSDT,1598288554.0,1.3656,4.4,,,True,265.9119462595647,0.9962991496046406,47.31183397146219,-0.2493966597171351,0.972,0.9999998973630916,-18104.229519568366,11.209409349400866,2026-03-27 03:44:16.619000
XRPUSDT,1598288555.0,1.3656,7.4,,,True,266.08885043097354,0.9963082956347302,47.32275579113972,-0.24900344909408187,0.972,0.999999897370711,42.99249173691134,11.214375970494165,2026-03-27 03:44:16.619000
XRPUSDT,1598288556.0,1.3656,4.1,,,True,266.26579374104045,0.996317419145489,47.3336744125863,-0.24861058268628877,0.972,0.9999998973784424,43.06088063912483,11.219342588367105,2026-03-27 03:44:16.619000
XRPUSDT,1598288557.0,1.3656,53.3,,,True,266.4427761811737,0.9963265201919517,47.34458983918103,-0.24821822778862038,0.972,0.9999998973862859,43.11096523651053,11.224309203026118,2026-03-27 03:44:16.619000
XRPUSDT,1598288558.0,1.3657,149.5,,,False,266.73783921245484,0.996344655111464,47.355930715627196,-0.41192655342844303,1.392,0.9999998974763386,-9027.243022984687,11.22927721281276,2026-03-27 03:44:18.011000
XRPUSDT,1598288559.0,1.3657,5.0,,,False,266.91495862944566,0.9963536890939223,47.366838919883705,-0.24701687422397456,0.771,0.9999998974844349,18254.37230647224,11.234243149236354,2026-03-27 03:44:18.782000
XRPUSDT,1598288560.0,1.3657,392.2,,,False,267.0920688865577,0.9963627008309007,47.37774376674251,-0.24655959993534218,1.014,0.9999998974925145,50.74208110235441,11.239209887849881,2026-03-27 03:44:19.796000
XRPUSDT,1598288561.0,1.3656,5.0,,,True,267.1511172056953,0.9963627008309007,47.3882197371042,-0.08246794221172156,4.705,0.9999998974187496,,11.244188809521766,2026-03-27 03:44:24.501000
XRPUSDT,1598288562.0,1.3656,51.2,,,True,267.32858290455925,0.9963716903767752,47.39912027563664,-0.2466625853389255,5.858,0.9999998974276486,-18265.065379273827,11.249171543530998,2026-03-27 03:44:30.359000
XRPUSDT,1598288563.0,1.3656,209.5,,,True,267.5061767302716,0.99638065778579,47.410017954158974,-0.2463949630416589,1.787,0.9999998974364765,29.84388208735864,11.254140814222076,2026-03-27 03:44:32.146000
XRPUSDT,1598288564.0,1.3656,80.9,,,True,267.6834954645408,0.996389603112059,47.420911329239814,-0.2455707493847178,1.193,0.9999998974443953,92.13902681144545,11.259108120194064,2026-03-27 03:44:33.339000
XRPUSDT,1598288565.0,1.3656,3.9,,,True,267.8608074703953,0.9963985264095658,47.43180137158996,-0.2451190872812785,1.193,0.9999998974522679,50.616053437145084,11.264075421540577,2026-03-27 03:44:33.339000
XRPUSDT,1598288566.0,1.3656,73.2,,,True,268.0381585025402,0.9964074277321635,47.44268824888673,-0.2447312026553226,1.193,0.999999897460232,43.5760665563516,11.269042718273262,2026-03-27 03:44:33.339000
XRPUSDT,1598288567.0,1.3656,284.8,,,True,268.21554855254436,0.9964163071335764,47.45357196445856,-0.24434382652581993,1.193,0.999999897468288,43.62637879384799,11.274010010401103,2026-03-27 03:44:33.339000
XRPUSDT,1598288568.0,1.3657,732.0,,,False,268.51128006239406,0.9964340003870954,47.46487164191876,-0.4054788735676509,2.729,0.9999998975582366,-9107.146227745989,11.278982328122568,2026-03-27 03:44:36.068000
XRPUSDT,1598288569.0,1.3657,75.7,,,False,268.6888917939563,0.9964428143460033,47.47574851896523,-0.24327410100088098,0.57,0.99999989756666,18403.168685126824,11.283947570488955,2026-03-27 03:44:36.638000
XRPUSDT,1598288570.0,1.3657,25.7,,,False,268.8663772345203,0.9964516065973302,47.4866216623006,-0.24266314429751298,8.378,0.9999998975747333,69.48808452505446,11.288938241318373,2026-03-27 03:44:45.016000
XRPUSDT,1598288571.0,1.3657,5.3,,,False,269.04449678637053,0.9964603771941564,47.49749375034769,-0.24308802283560635,1.833,0.9999998975840436,-48.44351490736378,11.293907578399216,2026-03-27 03:44:46.849000
XRPUSDT,1598288572.0,1.3657,8.2,,,False,269.2221563184584,0.996469126189433,47.50836093750474,-0.24202377674117345,1.037,0.9999998975918855,121.64209269617463,11.298874322505682,2026-03-27 03:44:47.886000
XRPUSDT,1598288573.0,1.3657,7.9,,,False,269.39979423461267,0.9964778536359846,47.519224772292716,-0.24155777311755172,0.022,0.9999998975996516,53.39518504785617,11.303837773188857,2026-03-27 03:44:47.908000
XRPUSDT,1598288574.0,1.3657,766.4,,,False,269.57739408291843,0.9964865595865083,47.53008520223821,-0.24107047888493652,1.333,0.999999897607383,55.97254788985133,11.30880546963475,2026-03-27 03:44:49.241000
XRPUSDT,1598288575.0,1.3657,400.0,,,False,269.7551323869588,0.9964952440935742,47.54094284655509,-0.24082259700159722,1.333,0.9999998976154935,28.542999788098964,11.313773160654943,2026-03-27 03:44:49.241000
XRPUSDT,1598288576.0,1.3657,5.0,,,False,269.93290961047114,0.9965039072096253,47.55179736066899,-0.24044035629504062,1.642,0.9999998976236835,44.12277341063161,11.318741843057763,2026-03-27 03:44:50.883000
XRPUSDT,1598288577.0,1.3656,9.4,,,True,269.9922122609266,0.9965039072096253,47.56223810155562,-0.08046561300304562,5.03,0.9999998975504603,,11.323721422955883,2026-03-27 03:44:55.913000
XRPUSDT,1598288578.0,1.3657,12.8,,,False,270.288883049456,0.9965211694778243,47.57349805485477,-0.39947953843127276,0.499,0.9999998976408306,-18480.417622468656,11.328686413466828,2026-03-27 03:44:56.412000
XRPUSDT,1598288579.0,1.3656,5.0,,,True,270.3481252181371,0.9965211694778245,47.58393409533685,-0.08009398527362539,0.189,0.9999998975673126,,11.333650405216689,2026-03-27 03:44:56.601000
XRPUSDT,1598288580.0,1.3657,347.9,,,False,270.6445607039039,0.9965383468081292,47.59518470665501,-0.3977229449155507,6.204,0.9999998976568562,-18491.171445593074,11.338633720533922,2026-03-27 03:45:02.805000
XRPUSDT,1598288581.0,1.3657,36.6,,,False,270.82289868488107,0.9965469037513414,47.60602487260813,-0.23902553500722307,1.225,0.99999989766594,18546.039861955633,11.343601023809645,2026-03-27 03:45:04.030000
XRPUSDT,1598288582.0,1.3657,4.6,,,False,271.0009009018918,0.996555439615554,47.61686064113971,-0.23814510641508657,5.077,0.9999998976739836,103.14463423971395,11.348580630608417,2026-03-27 03:45:09.107000
XRPUSDT,1598288583.0,1.3657,200.0,,,False,271.17923041510744,0.9965639544523319,47.62769428593859,-0.2381502587804537,0.744,0.9999998976826502,-0.6051044196779034,11.353546384696465,2026-03-27 03:45:09.851000
XRPUSDT,1598288584.0,1.3656,310.0,,,True,271.2385555144437,0.9965639544523319,47.63811940855335,-0.07948392590122422,3.172,0.9999998976091429,,11.358519866284112,2026-03-27 03:45:13.023000
XRPUSDT,1598288585.0,1.3656,3.9,,,True,271.4167935766106,0.9965724483131148,47.648947264856695,-0.23764965180529946,0.292,0.9999998976174607,-18621.18180977958,11.363484178042963,2026-03-27 03:45:13.315000
XRPUSDT,1598288586.0,1.3656,3.9,,,True,271.5948556311984,0.9965809212492192,47.659771290204525,-0.23698620884872107,0.292,0.9999998976253013,78.30142330874315,11.368448491199151,2026-03-27 03:45:13.315000
XRPUSDT,1598288587.0,1.3656,3.9,,,True,271.7729566415167,0.9965893733118373,47.67059222082913,-0.23660939657396024,0.292,0.999999897633314,44.58228621647619,11.373412805755095,2026-03-27 03:45:13.315000
XRPUSDT,1598288588.0,1.3656,3.9,,,True,271.95109659913453,0.9965978045520382,47.68141005994349,-0.23623308332322693,0.292,0.9999998976414974,44.633202443168706,11.378377121709434,2026-03-27 03:45:13.315000
XRPUSDT,1598288589.0,1.3656,3.9,,,True,272.1292754955462,0.9966062150207672,47.69222481075526,-0.23585726861869616,0.292,0.9999998976498501,44.6841569286489,11.3833414390611,2026-03-27 03:45:13.315000
XRPUSDT,1598288590.0,1.3656,3.7,,,True,272.3074933222515,0.9966146047688472,47.70303647646709,-0.23548195208821138,0.292,0.9999998976583728,44.7351370868572,11.388305757808936,2026-03-27 03:45:13.315000
XRPUSDT,1598288591.0,1.3656,3.9,,,True,272.485750070756,0.9966229738469783,47.71384506027664,-0.2351071333591359,0.292,0.999999897667063,44.786142894779914,11.393270077951708,2026-03-27 03:45:13.315000
XRPUSDT,1598288592.0,1.3656,12.7,,,True,272.66404573257097,0.9966313223057387,47.724650565376486,-0.23473281205795954,0.292,0.9999998976759217,44.837174371811045,11.398234399488372,2026-03-27 03:45:13.315000
XRPUSDT,1598288593.0,1.3656,3.8,,,True,272.84238029921283,0.9966396501955839,47.7354529949543,-0.23435898781044,0.292,0.999999897684948,44.888231529171755,11.403198722417695,2026-03-27 03:45:13.315000
XRPUSDT,1598288594.0,1.3656,3.8,,,True,273.02075376220404,0.9966479575668479,47.74625235219273,-0.23398566024181133,0.292,0.9999998976941404,44.93931434679969,11.408163046738455,2026-03-27 03:45:13.315000
XRPUSDT,1598288595.0,1.3656,3.9,,,True,273.19916611307247,0.9966562444697432,47.757048640269424,-0.23361282897659047,0.292,0.9999998977034987,44.99042283101996,11.413127372449615,2026-03-27 03:45:13.315000
XRPUSDT,1598288596.0,1.3656,3.9,,,True,273.37761734335146,0.9966645109543611,47.7678418623571,-0.23324049363874194,0.292,0.9999998977130229,45.04155696856534,11.41809169955004,2026-03-27 03:45:13.315000
XRPUSDT,1598288597.0,1.3656,3.7,,,True,273.5561074445801,0.9966727570706723,47.77863202162349,-0.2328686538511383,0.292,0.9999998977227117,45.092716810499155,11.423056028038685,2026-03-27 03:45:13.315000
XRPUSDT,1598288598.0,1.3655,3.7,,,True,273.6155544471354,0.9966727570706723,47.7890263680996,-0.07780984356998435,4.168,0.9999998976515669,,11.42803244479488,2026-03-27 03:45:17.483000
XRPUSDT,1598288599.0,1.3655,7.4,,,True,273.7943805040364,0.9966809828685265,47.79981222922364,-0.23293361922402125,4.168,0.9999998976621521,-18858.204201411667,11.433008864823195,2026-03-27 03:45:17.483000
XRPUSDT,1598288600.0,1.3655,4.1,,,True,273.9732454466939,0.996689188397653,47.810595030567946,-0.2325613371765766,4.168,0.9999998976725772,45.36965766682799,11.437985261653562,2026-03-27 03:45:17.483000
XRPUSDT,1598288601.0,1.3655,500.2,,,True,274.1521487801891,0.9966973737076613,47.82137477370604,-0.23218892372397287,4.168,0.9999998976828418,45.49778227385232,11.442961635325664,2026-03-27 03:45:17.483000
XRPUSDT,1598288602.0,1.3655,3.9,,,True,274.33109049662454,0.996705538848041,47.832151461814654,-0.23181701174356276,4.168,0.999999897692947,45.5487552099162,11.44793798587964,2026-03-27 03:45:17.483000
XRPUSDT,1598288603.0,1.3655,3.9,,,True,274.5100705881108,0.9967136838681625,47.84292509806546,-0.2314456008365381,4.168,0.9999998977028934,45.5997531602668,11.452914313355402,2026-03-27 03:45:17.483000
XRPUSDT,1598288604.0,1.3655,3.9,,,True,274.68908904676346,0.9967218088172765,47.85369568562512,-0.23107469059990143,4.168,0.9999998977126825,45.65077656913834,11.457890617792891,2026-03-27 03:45:17.483000
XRPUSDT,1598288605.0,1.3655,73.2,,,True,274.86814586470354,0.996729913744515,47.864463227655236,-0.23070428063025392,4.168,0.9999998977223153,45.70182541364276,11.462866899231905,2026-03-27 03:45:17.483000
XRPUSDT,1598288606.0,1.3655,73.2,,,True,275.04724103405687,0.9967379986988915,47.87522772731241,-0.23033437052347544,4.168,0.9999998977317927,45.75289971417125,11.467843157712183,2026-03-27 03:45:17.483000
XRPUSDT,1598288607.0,1.3655,4.4,,,True,275.22637454695507,0.9967460637293007,47.88598918774822,-0.22996495987507254,4.168,0.9999998977411152,45.80399944648511,11.472819393273603,2026-03-27 03:45:17.483000
XRPUSDT,1598288608.0,1.3655,3.8,,,True,275.4055463955345,0.9967541088845198,47.89674761210926,-0.22959604827987146,4.168,0.9999998977502844,45.85512462569816,11.477795605955585,2026-03-27 03:45:17.483000
XRPUSDT,1598288609.0,1.3655,3.9,,,True,275.5847565719368,0.9967621342132077,47.9075030035371,-0.2292276353319514,4.168,0.9999998977593005,45.90627527493294,11.482771795797984,2026-03-27 03:45:17.483000
XRPUSDT,1598288610.0,1.3655,3.9,,,True,275.76400506830885,0.9967701397639057,47.918255365168335,-0.22885972062516127,4.168,0.9999998977681653,45.95745135698206,11.487747962840334,2026-03-27 03:45:17.483000
XRPUSDT,1598288611.0,1.3655,3.9,,,True,275.94329187680273,0.9967781255850384,47.929004700134556,-0.2284923037525855,4.168,0.9999998977768788,46.00865289494578,11.49272410712205,2026-03-27 03:45:17.483000
XRPUSDT,1598288612.0,1.3655,1090.7,,,True,276.1226169895755,0.9967860917249128,47.939751011562436,-0.22812538430671456,4.168,0.9999998977854432,46.05987989858831,11.49770022868263,2026-03-27 03:45:17.483000
XRPUSDT,1598288613.0,1.3655,776.5,,,True,276.3019803987897,0.9967940382317195,47.95049430257365,-0.22775896187961994,4.168,0.9999998977938579,46.11113235141191,11.50267632756154,2026-03-27 03:45:17.483000
XRPUSDT,1598288614.0,1.3655,6551.9,,,True,276.4813820966125,0.9968019651535326,47.961234576284944,-0.22739303606261366,4.168,0.9999998978021245,46.16241028179725,11.507652403798001,2026-03-27 03:45:17.483000
XRPUSDT,1598288615.0,1.3655,3.7,,,True,276.6608220752168,0.9968098725383101,47.971971835808056,-0.2270276064469034,4.168,0.9999998978102448,46.21371363504291,11.512628457431555,2026-03-27 03:45:17.483000
XRPUSDT,1598288616.0,1.3655,3.9,,,True,276.8403003267803,0.9968177604338937,47.98270608424986,-0.22666267262254328,4.168,0.9999998978182185,46.26504249362279,11.517604488501075,2026-03-27 03:45:17.483000
XRPUSDT,1598288617.0,1.3655,3.9,,,True,277.01981684348584,0.9968256288880101,47.99343732471228,-0.2262982341795115,4.168,0.9999998978260468,46.31639679682713,11.52258049704599,2026-03-27 03:45:17.483000
XRPUSDT,1598288618.0,1.3655,3.7,,,True,277.1993716175215,0.9968334779482702,48.00416556029233,-0.22593429070702215,4.168,0.9999998978337309,46.367776578351716,11.5275564831052,2026-03-27 03:45:17.483000
XRPUSDT,1598288619.0,1.3654,3.7,,,True,277.25934004471924,0.9968334779482702,48.01451528421587,-0.07570634673801693,0.024,0.9999998977608177,,11.532519926155864,2026-03-27 03:45:17.507000
XRPUSDT,1598288620.0,1.3654,5.5,,,True,277.43864993782984,0.9968413076621698,48.02523743903393,-0.22526453032221624,0.024,0.9999998977676855,-19101.359960340502,11.537483372452082,2026-03-27 03:45:17.507000
XRPUSDT,1598288621.0,1.3654,7.4,,,True,277.6179985455632,0.9968491180770903,48.03595660242714,-0.224903389834879,0.024,0.999999897774746,46.23832293340746,11.54244682184247,2026-03-27 03:45:17.507000
XRPUSDT,1598288622.0,1.3654,4.1,,,True,277.79738585682617,0.9968569092402984,48.04667277743874,-0.22454273262735253,0.024,0.9999998977819972,46.29054711040148,11.547410274323207,2026-03-27 03:45:17.507000
XRPUSDT,1598288623.0,1.3654,3.9,,,True,277.9768118632555,0.9968646811989461,48.057385967115735,-0.22418256172581408,0.024,0.9999998977894392,46.3423594825946,11.552373729890421,2026-03-27 03:45:17.507000
XRPUSDT,1598288624.0,1.3654,3.9,,,True,278.1562765564936,0.996872434000072,48.06809617450044,-0.22382287673855505,0.024,0.9999998977970705,46.39419758353873,11.557337188540053,2026-03-27 03:45:17.507000
XRPUSDT,1598288625.0,1.3654,3.9,,,True,278.3357799281882,0.9968801676906005,48.07880340263034,-0.22346367727358263,0.024,0.9999998978048918,46.44606137874023,11.562300650267977,2026-03-27 03:45:17.507000
XRPUSDT,1598288626.0,1.3654,3.8,,,True,278.5153219699925,0.9968878823173427,48.08950765453828,-0.22310496293820425,0.024,0.999999897812901,46.4979508880055,11.567264115070767,2026-03-27 03:45:17.507000
XRPUSDT,1598288627.0,1.3654,3.8,,,True,278.6949026735648,0.9968955779269968,48.100208933252304,-0.22274673333903044,0.024,0.9999998978210981,46.54986612839983,11.572227582944247,2026-03-27 03:45:17.507000
XRPUSDT,1598288628.0,1.3654,3.9,,,True,278.8745220305695,0.9969032545661476,48.110907241795786,-0.22238898808262136,0.024,0.9999998978294817,46.60180703841032,11.577191053884516,2026-03-27 03:45:17.507000
XRPUSDT,1598288629.0,1.3654,3.9,,,True,279.0541800326757,0.9969109122812674,48.12160258318737,-0.22203172677432262,0.024,0.9999998978380505,46.65377370534745,11.582154527887806,2026-03-27 03:45:17.507000
XRPUSDT,1598288630.0,1.3654,1.8,,,True,279.2338766715582,0.9969185511187162,48.13229496044097,-0.22167494901949014,0.024,0.9999998978468054,46.70576605712476,11.587118004950113,2026-03-27 03:45:17.507000
XRPUSDT,1598288631.0,1.3654,2.1,,,True,279.4136119388972,0.9969261711247416,48.14298437656586,-0.22131865442267723,0.002,0.9999998978557448,46.75778413111587,11.592081419761227,2026-03-27 03:45:17.509000
XRPUSDT,1598288632.0,1.3654,3.7,,,True,279.5933842811307,0.9969337723454799,48.1536708298632,-0.22096095007485927,0.002,0.9999998978648644,47.058802807333535,11.597044837756682,2026-03-27 03:45:17.509000
XRPUSDT,1598288633.0,1.3654,3.9,,,True,279.77319523766585,0.996941354826955,48.164354328066935,-0.22060563052842963,0.002,0.999999897874168,46.860588791998254,11.602008258932154,2026-03-27 03:45:17.509000
XRPUSDT,1598288634.0,1.3654,3.9,,,True,279.9530448001959,0.9969489186150803,48.17503487417212,-0.22025079291325167,0.002,0.9999998978836555,46.91268572056118,11.60697168328364,2026-03-27 03:45:17.509000
XRPUSDT,1598288635.0,1.3654,3.7,,,True,280.13293296041945,0.9969564637556573,48.18571247116914,-0.21989643683194254,0.002,0.9999998978933268,46.964808368141476,11.611935110807076,2026-03-27 03:45:17.509000
XRPUSDT,1598288636.0,1.3653,3.7,,,True,280.19279763384077,0.9969564637556573,48.196024821405075,-0.07341932613677923,0.121,0.9999998978231378,,11.616898891764084,2026-03-27 03:45:17.630000
XRPUSDT,1598288637.0,1.3653,7.4,,,True,280.3727455770793,0.9969639902943772,48.20669736942498,-0.2196154761280532,0.121,0.9999998978332191,-19424.08794151378,11.621862675898212,2026-03-27 03:45:17.630000
XRPUSDT,1598288638.0,1.3653,4.1,,,True,280.5527320988739,0.9969714982768205,48.21736697536976,-0.2192619173506145,0.121,0.9999998978434724,47.09105010676855,11.626826462478974,2026-03-27 03:45:17.630000
XRPUSDT,1598288639.0,1.3653,3.9,,,True,280.7327571774256,0.9969789877484573,48.22803364217488,-0.218908822872533,0.121,0.9999998978538968,47.14544566115979,11.631790251503627,2026-03-27 03:45:17.630000
XRPUSDT,1598288640.0,1.3653,3.9,,,True,280.91282080447263,0.9969864587546479,48.23869737281206,-0.21855620877919574,0.121,0.9999998978644911,47.197671149253644,11.63675404296909,2026-03-27 03:45:17.630000
XRPUSDT,1598288641.0,1.3653,3.9,,,True,281.0929229717581,0.9969939113406427,48.24935817024843,-0.2182040746694806,0.121,0.9999998978752556,47.249922370157826,11.64171783687279,2026-03-27 03:45:17.630000
XRPUSDT,1598288642.0,1.3653,73.2,,,True,281.2730636710309,0.9970013455515824,48.26001603744643,-0.2178524201419239,0.121,0.9999998978861884,47.3021993070216,11.646681633211621,2026-03-27 03:45:17.630000
XRPUSDT,1598288643.0,1.3653,73.2,,,True,281.4532428940449,0.9970087614324987,48.27067097736393,-0.21750124479460356,0.121,0.9999998978972904,47.35450195081739,11.651645431983047,2026-03-27 03:45:17.630000
XRPUSDT,1598288644.0,1.3653,2316.0,,,True,281.6334606325595,0.9970161590283141,48.281322992954195,-0.2171505482250175,0.121,0.9999998979085597,47.406830318819544,11.65660923318408,2026-03-27 03:45:17.630000
XRPUSDT,1598288645.0,1.3653,1321.5,,,True,281.81371687833916,0.9970235383838427,48.29197208716589,-0.2168003300301249,0.121,0.9999998979199959,47.459184414352826,11.661573036812044,2026-03-27 03:45:17.630000
XRPUSDT,1598288646.0,1.3654,5.0,,,False,282.11433029739595,0.9970382425527515,48.30297249017586,-0.3598802982287702,6.552,0.9999998980113296,-9730.571587282271,11.666555515651476,2026-03-27 03:45:24.182000
XRPUSDT,1598288647.0,1.3653,306.3,,,True,282.17478796921705,0.9970382425527515,48.31326282616555,-0.07266832432551223,0.776,0.9999998979442393,,11.67152120953607,2026-03-27 03:45:24.958000
XRPUSDT,1598288648.0,1.3654,3.7,,,False,282.4755744607764,0.997052874295571,48.32425593240883,-0.35877078049194844,4.587,0.9999998980354525,-19553.545992205964,11.676497937141626,2026-03-27 03:45:29.545000
XRPUSDT,1598288649.0,1.3654,3.9,,,False,282.6563167547505,0.9970601631180837,48.33489346738753,-0.21535806836418991,4.587,0.9999998980475993,19675.703706407956,11.681474613770579,2026-03-27 03:45:29.545000
XRPUSDT,1598288650.0,1.3654,3.9,,,False,282.837096512516,0.9970674339669228,48.34552809009543,-0.21500832357548333,4.587,0.9999998980595817,48.10233253992593,11.686451266505355,2026-03-27 03:45:29.545000
XRPUSDT,1598288651.0,1.3654,3.9,,,False,283.0179142307924,0.9970746868861484,48.356159804954316,-0.21465966119252516,4.587,0.9999998980714006,48.072006885857014,11.691427895388033,2026-03-27 03:45:29.545000
XRPUSDT,1598288652.0,1.3654,3.9,,,False,283.1987699019952,0.9970819219197135,48.36678861490572,-0.21431148093591412,4.587,0.9999998980830576,48.12420750800026,11.696404500460146,2026-03-27 03:45:29.545000
XRPUSDT,1598288653.0,1.3654,3.9,,,False,283.37966351854186,0.9970891391114644,48.37741452288652,-0.2139637823731387,4.587,0.9999998980945537,48.17643410017685,11.701381081763438,2026-03-27 03:45:29.545000
XRPUSDT,1598288654.0,1.3654,3.9,,,False,283.560595072855,0.9970963385051415,48.38803753182893,-0.21361656507455387,4.587,0.9999998981058892,48.22868621410001,11.706357639339512,2026-03-27 03:45:29.545000
XRPUSDT,1598288655.0,1.3654,172.9,,,False,283.7415645573617,0.9971035201443795,48.39865764466053,-0.21326982861037616,4.587,0.9999998981170656,48.28096381386781,11.711334173229666,2026-03-27 03:45:29.545000
XRPUSDT,1598288656.0,1.3653,5.0,,,True,283.8019972382808,0.9971035201443795,48.408928555740864,-0.07145239117841569,0.356,0.9999998980486695,,11.716298620265624,2026-03-27 03:45:29.901000
XRPUSDT,1598288657.0,1.3654,3.7,,,False,284.10333051334214,0.9971178303335472,48.41988837306733,-0.35354026686889145,0.245,0.9999998981383809,-19712.379227543817,11.721262754273834,2026-03-27 03:45:30.146000
XRPUSDT,1598288658.0,1.3654,97.3,,,False,284.2841199494725,0.9971249589702181,48.430498978487535,-0.2118900169825848,3.001,0.9999998981488142,19870.594676725093,11.7262347206247,2026-03-27 03:45:33.147000
XRPUSDT,1598288659.0,1.3654,219.7,,,False,284.4651339223033,0.9971320700259327,48.441107235035226,-0.21176401863430583,1.366,0.9999998981597732,17.718655757431286,11.731202033848298,2026-03-27 03:45:34.513000
XRPUSDT,1598288660.0,1.3654,40.6,,,False,284.646075658829,0.9971391635437996,48.45171229872731,-0.2112919961421511,7.108,0.9999998981704731,66.5427931547215,11.736185607210698,2026-03-27 03:45:41.621000
XRPUSDT,1598288661.0,1.3654,15.7,,,False,284.8274424639241,0.9971462395668227,48.4623155838606,-0.21139874247645596,0.772,0.9999998981820147,-15.085639766391823,11.741151224146876,2026-03-27 03:45:42.393000
XRPUSDT,1598288662.0,1.3654,8.4,,,False,285.0084206214129,0.9971532981379015,48.4729147853234,-0.21056016882855977,0.937,0.9999998981923796,118.80218227287534,11.746117305611127,2026-03-27 03:45:43.330000
XRPUSDT,1598288663.0,1.3654,4.8,,,False,285.18944814777853,0.9971603392998318,48.483511149920666,-0.21023165994810566,1.596,0.9999998982028862,46.65549290110852,11.751085242435268,2026-03-27 03:45:44.926000
XRPUSDT,1598288664.0,1.3654,8.9,,,False,285.37055814253506,0.9971673630953055,48.4941047733984,-0.20994179209537325,1.903,0.9999998982135891,41.26940395951839,11.756054037188104,2026-03-27 03:45:46.829000
XRPUSDT,1598288665.0,1.3653,220.7,,,True,285.43092217430944,0.9971673630953055,48.5043562508159,-0.07020416769860292,0.324,0.9999998981452575,,11.761018387169619,2026-03-27 03:45:47.153000
XRPUSDT,1598288666.0,1.3653,181.5,,,True,285.6119978848048,0.9971743695669115,48.51494467700309,-0.2095616846714115,0.897,0.9999998981559237,-19889.828262960298,11.76598435025325,2026-03-27 03:45:48.050000
XRPUSDT,1598288667.0,1.3653,324.9,,,True,285.79315026057157,0.9971813587571345,48.52553035272024,-0.2092659772874036,2.803,0.9999998981668172,42.3092482207869,11.770955657983265,2026-03-27 03:45:50.853000
XRPUSDT,1598288668.0,1.3653,3.9,,,True,285.9744681740331,0.9971883307083574,48.53611352814838,-0.20907261453483236,2.803,0.9999998981780742,27.734381149440438,11.77592695276794,2026-03-27 03:45:50.853000
XRPUSDT,1598288669.0,1.3653,3.9,,,True,286.1558241104778,0.9971952854628592,48.54669384841642,-0.20873268673142337,2.803,0.9999998981893066,48.87703848120539,11.780898234613382,2026-03-27 03:45:50.853000
XRPUSDT,1598288670.0,1.3653,3.9,,,True,286.33721806175515,0.9972022230628174,48.55727131637524,-0.20839323071817883,2.803,0.9999998982005147,48.92989150294553,11.785869503543054,2026-03-27 03:45:50.853000
XRPUSDT,1598288671.0,1.3653,3.7,,,True,286.5186500201239,0.9972091435503063,48.5678459348724,-0.2080542465332637,2.803,0.9999998982116995,48.98270323527366,11.790840759580307,2026-03-27 03:45:50.853000
XRPUSDT,1598288672.0,1.3653,3.9,,,True,286.700119977848,0.9972160469672993,48.578417706751,-0.20771573374924834,2.803,0.9999998982228606,49.0355405680148,11.795812002748098,2026-03-27 03:45:50.853000
XRPUSDT,1598288673.0,1.3653,3.9,,,True,286.88162792719567,0.9972229333556667,48.58898663484965,-0.207377691937992,2.803,0.9999998982339988,49.0884035607127,11.800783233069712,2026-03-27 03:45:50.853000
XRPUSDT,1598288674.0,1.3653,3.9,,,True,287.0631738604406,0.9972298027571784,48.599552722002564,-0.20704012067136054,2.803,0.9999998982451137,49.141292156945966,11.805754450568434,2026-03-27 03:45:50.853000
XRPUSDT,1598288675.0,1.3653,3.8,,,True,287.24475776986117,0.9972366552135026,48.61011597103945,-0.2067030195208179,2.803,0.9999998982562072,49.194206368708834,11.810725655267076,2026-03-27 03:45:50.853000
XRPUSDT,1598288676.0,1.3653,250.7,,,True,287.42637964774076,0.9972434907662062,48.620676384785654,-0.20636638805729032,2.803,0.9999998982672781,49.2471462253743,11.815696847189157,2026-03-27 03:45:50.853000
XRPUSDT,1598288677.0,1.3653,194.5,,,True,287.60803948636755,0.9972503094567554,48.63123396606204,-0.20603022585139144,0.105,0.9999998982783276,49.30011172580209,11.820660580076572,2026-03-27 03:45:50.958000
XRPUSDT,1598288678.0,1.3654,12.7,,,False,287.9106957311553,0.9972638964167536,48.64211774807345,-0.3416587400779294,5.196,0.9999998983677355,-9982.256092936674,11.82563834942253,2026-03-27 03:45:56.154000
XRPUSDT,1598288679.0,1.3654,5.0,,,False,288.0926144832915,0.9972706647686334,48.652669356587005,-0.20514509183738974,1.328,0.9999998983792121,20169.407658785327,11.830605439922381,2026-03-27 03:45:57.482000
XRPUSDT,1598288680.0,1.3653,5.0,,,True,288.1531296008853,0.9972706647686334,48.66288942589063,-0.0684673281142045,5.719,0.9999998983113232,,11.835584559581067,2026-03-27 03:46:03.201000
XRPUSDT,1598288681.0,1.3653,39.0,,,True,288.3351318519405,0.9972774164232205,48.673436221592965,-0.2049043685748668,7.546,0.999999898322794,-20207.941431059033,11.840568692014518,2026-03-27 03:46:10.747000
XRPUSDT,1598288682.0,1.3654,243.4,,,False,288.63852989804457,0.9972908698042809,48.68430706232222,-0.33998045293897144,3.505,0.9999998984128935,-10040.307619151601,11.8455417267922,2026-03-27 03:46:14.252000
XRPUSDT,1598288683.0,1.3654,7.4,,,False,288.8204886994506,0.997297571612388,48.69484709054345,-0.2036842225029943,2.365,0.9999998984234817,20337.232618334267,11.850511614729914,2026-03-27 03:46:16.617000
XRPUSDT,1598288684.0,1.3653,48.1,,,True,288.8811218046276,0.997297571612388,48.70505903845086,-0.068097645048919,3.58,0.9999998983553059,,11.855484798298084,2026-03-27 03:46:20.197000
XRPUSDT,1598288685.0,1.3654,43.8,,,False,289.1844494773058,0.9973109256670974,48.715918526004785,-0.3380288635262545,4.228,0.9999998984443974,-20213.427633010164,11.860459755064765,2026-03-27 03:46:24.425000
XRPUSDT,1598288686.0,1.3654,12.6,,,False,289.3665687324704,0.9973175779947406,48.72645025216512,-0.20274015516472388,2.329,0.9999998984549553,20337.048266121164,11.86542951144214,2026-03-27 03:46:26.754000
XRPUSDT,1598288687.0,1.3654,5.0,,,False,289.5486019870055,0.9973242139097724,48.73697884507919,-0.20227170707360187,4.029,0.999999898465153,70.5928404563338,11.870403866383693,2026-03-27 03:46:30.783000
XRPUSDT,1598288688.0,1.3653,23.0,,,True,289.6093929073794,0.9973242139097724,48.74718279238398,-0.06777350629380954,3.814,0.9999998983971596,,11.875377615840824,2026-03-27 03:46:34.597000
XRPUSDT,1598288689.0,1.3654,400.0,,,False,289.9129884647821,0.997337436663006,48.758028180193364,-0.33584183474899093,0.731,0.9999998984858937,-20273.2610765728,11.88034302534587,2026-03-27 03:46:35.328000
XRPUSDT,1598288690.0,1.3654,3871.0,,,False,290.09503217055,0.9973440235814641,48.76854810894188,-0.20116814837439267,0.001,0.99999989849572,20445.628290512836,11.88530646060543,2026-03-27 03:46:35.329000
XRPUSDT,1598288691.0,1.3654,3.7,,,False,290.27706676163706,0.9973505942478257,48.77906512406489,-0.20078802015827524,0.001,0.9999998985055756,57.85230830486952,11.890269898957118,2026-03-27 03:46:35.329000
XRPUSDT,1598288692.0,1.3654,3.9,,,False,290.459139487219,0.9973571487019758,48.78957935324327,-0.20046047965537878,0.001,0.9999998985156031,49.97220140620653,11.895233340397024,2026-03-27 03:46:35.329000
XRPUSDT,1598288693.0,1.3654,3.9,,,False,290.64125033929434,0.9973636869837031,48.800090799209364,-0.2001333967953008,0.001,0.9999998985258031,50.02581315960724,11.900196784921345,2026-03-27 03:46:35.329000
XRPUSDT,1598288694.0,1.3654,3.9,,,False,290.82339930986774,0.9973702091326996,48.81059946469129,-0.19980677115632905,0.001,0.999999898536174,50.0794506764966,11.905160232526296,2026-03-27 03:46:35.329000
XRPUSDT,1598288695.0,1.3654,3.9,,,False,291.0055863909482,0.9973767151885606,48.821105352412964,-0.19948060231643966,0.001,0.9999998985467147,50.133113956462935,11.910123683207878,2026-03-27 03:46:35.329000
XRPUSDT,1598288696.0,1.3654,3.9,,,False,291.18781157455,0.9973832051907857,48.83160846509404,-0.19915488985311383,0.001,0.9999998985574247,50.18680302869346,11.91508713696248,2026-03-27 03:46:35.329000
XRPUSDT,1598288697.0,1.3654,3.9,,,False,291.37007485269226,0.9973896791787785,48.84210880545007,-0.1988296333436344,0.001,0.9999998985683042,50.24051787567127,11.920050593786101,2026-03-27 03:46:35.329000
XRPUSDT,1598288698.0,1.3654,101.0,,,False,291.5523762173992,0.9973961371918467,48.85260637619227,-0.1985048323650074,0.001,0.9999998985793523,50.29425849668046,11.925014053674735,2026-03-27 03:46:35.329000
XRPUSDT,1598288699.0,1.3654,800.0,,,False,291.73471566070026,0.9974025792692027,48.863101180027826,-0.1981804864940337,0.001,0.9999998985905671,50.348024876064116,11.929977516624893,2026-03-27 03:46:35.329000
XRPUSDT,1598288700.0,1.3654,317.1,,,False,291.91709317462966,0.9974090054499636,48.873593219659625,-0.19785659530695796,0.41,0.9999998986019486,50.401817055744594,11.934942068076206,2026-03-27 03:46:35.739000
XRPUSDT,1598288701.0,1.3653,4.9,,,True,291.97781447682416,0.9974090054499636,48.88376975527451,-0.0660935810928293,0.762,0.9999998985355176,,11.939907552160712,2026-03-27 03:46:36.501000
XRPUSDT,1598288702.0,1.3654,171.1,,,False,292.28203672243785,0.9974218102776937,48.89456920744307,-0.3285679511544719,1.299,0.9999998986253341,-20498.07897406063,11.94487446355837,2026-03-27 03:46:37.800000
XRPUSDT,1598288703.0,1.3654,75.2,,,False,292.4646108280759,0.9974281890024234,48.90505318069703,-0.19697610732221948,1.77,0.999999898637305,20629.80445304545,11.949842607761505,2026-03-27 03:46:39.570000
XRPUSDT,1598288704.0,1.3654,3.8,,,False,292.64725252925365,0.9974345519860784,48.91553447478346,-0.1966854184661494,1.77,0.9999998986494165,45.68436315844321,11.954810745426695,2026-03-27 03:46:39.570000
XRPUSDT,1598288705.0,1.3654,3.8,,,False,292.8299320791186,0.9974408992673035,48.92601301624931,-0.19636315588704212,1.77,0.9999998986615786,50.771750562255555,11.959778876563853,2026-03-27 03:46:39.570000
XRPUSDT,1598288706.0,1.3654,3.7,,,False,293.01264946990875,0.9974472308846493,48.93648880778161,-0.19604134783529642,1.77,0.9999998986737915,50.825568598423516,11.964747001185696,2026-03-27 03:46:39.570000
XRPUSDT,1598288707.0,1.3654,3.9,,,False,293.19540469392365,0.9974535468765723,48.94696185206339,-0.19571999393823386,1.77,0.9999998986860545,50.87940278884452,11.969715119304498,2026-03-27 03:46:39.570000
XRPUSDT,1598288708.0,1.3654,1.7,,,False,293.3781977434674,0.9974598472814361,48.957432151773496,-0.19539909376194103,1.77,0.9999998986983684,50.93326273925662,11.974683230933115,2026-03-27 03:46:39.570000
XRPUSDT,1598288709.0,1.3654,2.2,,,False,293.56102861084884,0.9974661321375107,48.96789970958666,-0.19507864687278909,4.93,0.9999998987107334,50.98714836902507,11.979659599694529,2026-03-27 03:46:44.500000
XRPUSDT,1598288710.0,1.3654,3.9,,,False,293.7440956867547,0.9974724014829736,48.97836502620808,-0.1949691887665327,4.93,0.9999998987235534,17.459255819354993,11.984635945026973,2026-03-27 03:46:44.500000
XRPUSDT,1598288711.0,1.3654,3.9,,,False,293.92720024185905,0.997478655355909,48.9888276029982,-0.19464852524471127,4.93,0.9999998987362243,51.274390307195,11.9896122669287,2026-03-27 03:46:44.500000
XRPUSDT,1598288712.0,1.3654,3.9,,,False,294.1103422678625,0.9974848937943086,48.9992874426328,-0.19432831693469443,4.93,0.9999998987487468,51.32827953149729,11.994588565441159,2026-03-27 03:46:44.500000
XRPUSDT,1598288713.0,1.3654,3.9,,,False,294.2935217575078,0.9974911168360723,49.00974454778614,-0.19400856449080398,4.93,0.9999998987611218,51.38201799590755,11.999564840606222,2026-03-27 03:46:44.500000
XRPUSDT,1598288714.0,1.3654,15.5,,,False,294.47673870354174,0.9974973245190072,49.02019892112824,-0.19368926746401682,4.93,0.9999998987733509,51.43578210018914,12.00454109246506,2026-03-27 03:46:44.500000
XRPUSDT,1598288715.0,1.3654,800.0,,,False,294.65999309871614,0.9975035168808293,49.03065056532497,-0.19337042540543764,2.911,0.9999998987854333,51.489571788564994,12.009512093056149,2026-03-27 03:46:47.411000
XRPUSDT,1598288716.0,1.3654,1600.0,,,False,294.8431592552562,0.997509693959162,49.04109917219692,-0.1929201433390427,2.911,0.999999898797115,72.89563805746322,12.014483081179586,2026-03-27 03:46:47.411000
XRPUSDT,1598288717.0,1.3654,621.5,,,False,295.02636305194005,0.997515855791538,49.05154505728669,-0.19260291404787436,2.911,0.9999998988087787,51.48294724855295,12.019454056874132,2026-03-27 03:46:47.411000
XRPUSDT,1598288718.0,1.3654,5.3,,,False,295.20960448165226,0.9975220024153983,49.06198822323843,-0.1922861360569177,0.275,0.999999898820426,51.53690841581834,12.024418228092163,2026-03-27 03:46:47.686000
XRPUSDT,1598288719.0,1.3654,10.8,,,False,295.39272015052273,0.9975281338680934,49.07242827157968,-0.1917992930983703,0.246,0.9999998988317217,79.40091569871758,12.02938232629007,2026-03-27 03:46:47.932000
XRPUSDT,1598288720.0,1.3654,1946.9,,,False,295.5758719094787,0.9975342501868821,49.082865604296344,-0.19148245544962292,0.681,0.9999998988431604,51.8020168158869,12.034347543390076,2026-03-27 03:46:48.613000
XRPUSDT,1598288721.0,1.3654,3.7,,,False,295.7590884341957,0.9975403514089336,49.09330029410968,-0.1911958988055054,0.681,0.999999898854802,46.96708982236442,12.039312759928572,2026-03-27 03:46:48.613000
XRPUSDT,1598288722.0,1.3654,3.8,,,False,295.9423427873764,0.9975464375713261,49.10373227752366,-0.19088168357954544,0.681,0.9999998988665642,51.62780841124505,12.044277975906967,2026-03-27 03:46:48.613000
XRPUSDT,1598288723.0,1.3654,3.9,,,False,296.1256349612366,0.9975525087110483,49.114161557150126,-0.19056791407214485,0.681,0.999999898878446,51.682142358633506,12.049243191327797,2026-03-27 03:46:48.613000
XRPUSDT,1598288724.0,1.3654,3.9,,,False,296.3089649480162,0.997558564864998,49.1245881355969,-0.19025458987045313,0.681,0.9999998988904472,51.73649882256069,12.054208406193476,2026-03-27 03:46:48.613000
XRPUSDT,1598288725.0,1.3654,3.9,,,False,296.4923327399596,0.997564606069984,49.13501201546784,-0.18994171054155762,0.681,0.9999998989025684,51.79088106168285,12.059173620506332,2026-03-27 03:46:48.613000
XRPUSDT,1598288726.0,1.3654,3.9,,,False,296.6757383293163,0.9975706323627251,49.14543319936273,-0.1896292756523682,0.681,0.9999998989148081,51.8452890706126,12.064138834268622,2026-03-27 03:46:48.613000
XRPUSDT,1598288727.0,1.3654,3.9,,,False,296.8591817083407,0.9975766437798513,49.15585168987738,-0.18931728476946655,0.681,0.9999998989271661,51.89972286936208,12.0691040474829,2026-03-27 03:46:48.613000
XRPUSDT,1598288728.0,1.3654,3.9,,,False,297.0426628692916,0.9975826403579033,49.16626748960363,-0.1890057374593554,0.681,0.9999998989396426,51.95418243694441,12.074069260151475,2026-03-27 03:46:48.613000
XRPUSDT,1598288729.0,1.3654,3.7,,,False,297.22618180443305,0.9975886221333332,49.17668060112925,-0.18869463328820849,0.681,0.9999998989522358,52.00866779336761,12.079034472277003,2026-03-27 03:46:48.613000
XRPUSDT,1598288730.0,1.3654,3.9,,,False,297.4097385060335,0.9975945891425037,49.18709102703809,-0.18838397182214564,0.681,0.9999998989649466,52.06317892084816,12.083999683861313,2026-03-27 03:46:48.613000
XRPUSDT,1598288731.0,1.3654,3.7,,,False,297.59333296636635,0.9976005414216894,49.19749876991003,-0.18807375262686837,0.681,0.9999998989777741,52.11771585233311,12.088964894907061,2026-03-27 03:46:48.613000
XRPUSDT,1598288732.0,1.3655,3.7,,,False,297.89946841012505,0.9976124019347653,49.20819471075788,-0.31213334787138547,0.001,0.9999998990676939,-10459.884361723563,12.093928393177416,2026-03-27 03:46:48.614000
XRPUSDT,1598288733.0,1.3655,3.9,,,False,298.0831222244892,0.9976183102407643,49.218596339355074,-0.18705256761612737,0.001,0.999999899080637,21170.32873320518,12.098891894429848,2026-03-27 03:46:48.614000
XRPUSDT,1598288734.0,1.3655,7.4,,,False,298.2668138367932,0.9976242039609975,49.22899529472943,-0.18674444243821559,0.001,0.9999998990937351,52.280251813929766,12.10385539866581,2026-03-27 03:46:48.614000
XRPUSDT,1598288735.0,1.3655,3.7,,,False,298.4505432393454,0.9976300831312997,49.23939157943893,-0.18643675638635893,0.001,0.9999998991069884,52.33494456495843,12.108818905881886,2026-03-27 03:46:48.614000
XRPUSDT,1598288736.0,1.3655,73.2,,,False,298.6343104243601,0.9976359477874202,49.24978519603737,-0.18612950892739347,0.001,0.9999998991203959,52.38968025705519,12.11378241607404,2026-03-27 03:46:48.614000
XRPUSDT,1598288737.0,1.3655,73.2,,,False,298.8181153840558,0.9976417979650201,49.26017614707463,-0.18582269962859288,0.001,0.9999998991339573,52.44444182436022,12.11874592923889,2026-03-27 03:46:48.614000
XRPUSDT,1598288738.0,1.3655,3.9,,,False,299.0019581106562,0.9976476336996739,49.27056443509668,-0.18551632805776896,0.001,0.9999998991476722,52.49922914537125,12.123709445372505,2026-03-27 03:46:48.614000
XRPUSDT,1598288739.0,1.3655,3.9,,,False,299.1858385963897,0.9976534550268699,49.28095006264561,-0.1852103937819738,0.001,0.9999998991615391,52.554042316640064,12.128672964471567,2026-03-27 03:46:48.614000
XRPUSDT,1598288740.0,1.3655,150.0,,,False,299.36975683348965,0.9976592619820095,49.291333032259544,-0.184904896368358,0.001,0.9999998991755582,52.60888129320065,12.133636486532241,2026-03-27 03:46:48.614000
XRPUSDT,1598288741.0,1.3655,3.7,,,False,299.55371281419383,0.9976650546004088,49.3017133464728,-0.1845998353837815,0.001,0.9999998991897285,52.663746090089596,12.138600011550976,2026-03-27 03:46:48.614000
XRPUSDT,1598288742.0,1.3655,3.9,,,False,299.73770653074524,0.9976708329172967,49.31209100781575,-0.1842952103950793,0.001,0.9999998992040492,52.71863669095387,12.143563539524136,2026-03-27 03:46:48.614000
XRPUSDT,1598288743.0,1.3655,3.7,,,False,299.92173797539135,0.9976765969678174,49.322466018814886,-0.1839910209686657,0.001,0.9999998992185207,52.77355313301851,12.148527070448017,2026-03-27 03:46:48.614000
XRPUSDT,1598288744.0,1.3656,3.7,,,False,300.2286121053967,0.9976880824099051,49.333120761448185,-0.30536683172286844,0.001,0.9999998993096485,-10567.79615682685,12.15349060432013,2026-03-27 03:46:48.614000
XRPUSDT,1598288745.0,1.3656,3.9,,,False,300.41274409394424,0.9976938038713328,49.34348984020441,-0.1830310316041952,0.001,0.9999998993243846,21381.914684915875,12.158454141130704,2026-03-27 03:46:48.614000
XRPUSDT,1598288746.0,1.3656,8.0,,,False,300.59691378212756,0.9976995112061153,49.353856277587646,-0.18272868309634377,0.001,0.9999998993392686,52.975428877155366,12.163417680881327,2026-03-27 03:46:48.614000
XRPUSDT,1598288747.0,1.3656,3.7,,,False,300.7811211623145,0.997705204448971,49.36422007610615,-0.1824267678757493,0.001,0.9999998993542999,53.03044824299592,12.168381223568238,2026-03-27 03:46:48.614000
XRPUSDT,1598288748.0,1.3656,3.7,,,False,300.9653662267797,0.9977108836345331,49.37458123826414,-0.18212528541097134,0.001,0.9999998993694783,53.08551049867871,12.173344769188066,2026-03-27 03:46:48.614000
XRPUSDT,1598288749.0,1.3656,5.5,,,False,301.14964896780253,0.9977165487973509,49.38493976656199,-0.18182423526787417,0.001,0.9999998993848026,53.14059856288109,12.178308317736944,2026-03-27 03:46:48.614000
XRPUSDT,1598288750.0,1.3656,366.1,,,False,301.33396937766696,0.9977221999718902,49.39529566349624,-0.18152361701193506,0.001,0.999999899400273,53.19571247591185,12.183271869211659,2026-03-27 03:46:48.614000
XRPUSDT,1598288751.0,1.3656,7.4,,,False,301.5183274486622,0.9977278371925316,49.40564893155962,-0.1812234302087859,0.001,0.9999998994158871,53.250852192080266,12.188235423608267,2026-03-27 03:46:48.614000
XRPUSDT,1598288752.0,1.3656,4.4,,,False,301.70272317308155,0.9977334604935728,49.41599957324102,-0.18092367442373283,0.001,0.9999998994316468,53.30601773829693,12.193198980923404,2026-03-27 03:46:48.614000
XRPUSDT,1598288753.0,1.3656,4.1,,,False,301.8871565432236,0.9977390699092281,49.426347591025554,-0.18062434922190584,0.001,0.9999998994475493,53.361209120576,12.198162541153394,2026-03-27 03:46:48.614000
XRPUSDT,1598288754.0,1.3656,55.3,,,False,302.0716275513912,0.9977446654736283,49.43669298739453,-0.18032545416828052,0.001,0.9999998994635951,53.41642634237811,12.203126104294991,2026-03-27 03:46:48.614000
XRPUSDT,1598288755.0,1.3656,689.9,,,False,302.25613618989235,0.9977502472208204,49.44703576482545,-0.18002698882791496,0.001,0.9999998994797837,53.4716693703036,12.208089670344174,2026-03-27 03:46:48.614000
XRPUSDT,1598288756.0,1.3656,110.1,,,False,302.44068245103944,0.9977558151847694,49.45737592579204,-0.17972895276549578,0.001,0.9999998994961142,53.52693823958085,12.213053239297802,2026-03-27 03:46:48.614000
XRPUSDT,1598288757.0,1.3656,800.0,,,False,302.62526632714986,0.9977613693993573,49.467713472764245,-0.1794313455456376,0.001,0.9999998995125857,53.58223294169194,12.21801681115222,2026-03-27 03:46:48.614000
XRPUSDT,1598288758.0,1.3656,400.0,,,False,302.8098878105455,0.9977669098983836,49.4780484082082,-0.17913416673279414,2.37,0.9999998995291983,53.63755348322771,12.22298608141474,2026-03-27 03:46:50.984000
XRPUSDT,1598288759.0,1.3656,800.0,,,False,302.99468519759625,0.997772436715565,49.48838104065691,-0.17897087699654973,2.37,0.9999998995462447,29.544985998806784,12.227955342829441,2026-03-27 03:46:50.984000
XRPUSDT,1598288760.0,1.3656,200.0,,,False,303.1795199488003,0.9977779498845366,49.49871106448349,-0.17867383700380832,2.37,0.9999998995633017,53.8782675214734,12.232924595399806,2026-03-27 03:46:50.984000
XRPUSDT,1598288761.0,1.3656,400.0,,,False,303.36439205646906,0.9977834494388517,49.50903848215204,-0.178377226593131,0.146,0.9999998995803693,53.93353600766978,12.237888518781997,2026-03-27 03:46:51.130000
XRPUSDT,1598288762.0,1.3656,200.0,,,False,303.54917223687926,0.9977889354119808,49.51936301214675,-0.17795699177349142,0.146,0.999999899597174,76.6016912131977,12.242852444337004,2026-03-27 03:46:51.130000
XRPUSDT,1598288763.0,1.3656,800.0,,,False,303.73398997239525,0.9977944078373145,49.529684942772334,-0.1776619066256023,0.001,0.9999998996141088,53.92218804118159,12.24781602633629,2026-03-27 03:46:51.131000
XRPUSDT,1598288764.0,1.3656,3.7,,,False,303.91883685123696,0.9977998667481605,49.5400042581029,-0.177359212762878,0.476,0.9999998996311564,55.44949739396365,12.252780741892973,2026-03-27 03:46:51.607000
XRPUSDT,1598288765.0,1.3656,66.8,,,False,304.10374877486925,0.9978053121777463,49.55032103901275,-0.1770912558176222,0.686,0.9999998996484009,49.20767793129619,12.257745957044685,2026-03-27 03:46:52.293000
XRPUSDT,1598288766.0,1.3656,401.7,,,False,304.2887103356068,0.9978107441592181,49.56063525399804,-0.17680890891398565,0.756,0.9999998996657833,51.97862052730177,12.262711337786456,2026-03-27 03:46:53.049000
XRPUSDT,1598288767.0,1.3656,6.3,,,False,304.4737134090708,0.9978161627256411,49.57094688768668,-0.17651920571717686,3.08,0.999999899683274,53.4649156609322,12.267682222202788,2026-03-27 03:46:56.129000
XRPUSDT,1598288768.0,1.3656,12.5,,,False,304.6588878618179,0.9978215679100007,49.58125622353582,-0.17635314758883,0.226,0.9999998997011474,30.722010074221263,12.272646345827107,2026-03-27 03:46:56.355000
XRPUSDT,1598288769.0,1.3655,572.7,,,True,304.7205041159367,0.9978215679100007,49.59129580255859,-0.05887407774231884,2.159,0.9999998996429875,,12.2776150323577,2026-03-27 03:46:58.514000
XRPUSDT,1598288770.0,1.3655,5727.4,,,True,304.9056751011347,0.997826959745201,49.60160045866587,-0.17605694342503825,2.159,0.9999998996608788,-21733.391568752944,12.282583721772541,2026-03-27 03:46:58.514000
XRPUSDT,1598288771.0,1.3655,2003.6,,,True,305.09088359970485,0.9978323382640665,49.61190253231353,-0.175764338150376,2.159,0.9999998996787929,54.402574756923705,12.287552403527815,2026-03-27 03:46:58.514000
XRPUSDT,1598288772.0,1.3655,3.9,,,True,305.2761293988051,0.9978377034993413,49.62220202548238,-0.1754719632294054,2.159,0.9999998996967275,54.4943336114244,12.292521077638282,2026-03-27 03:46:58.514000
XRPUSDT,1598288773.0,1.3655,200.0,,,True,305.46141249109155,0.99784305548369,49.63249894059426,-0.17518001325704502,2.159,0.9999998997146844,54.54985540667054,12.297489744118542,2026-03-27 03:46:58.514000
XRPUSDT,1598288774.0,1.3655,3.9,,,True,305.64673286922596,0.9978483942496976,49.642793280067295,-0.17488848778821775,2.159,0.999999899732663,54.60540289864909,12.302458402983136,2026-03-27 03:46:58.514000
XRPUSDT,1598288775.0,1.3655,2031.8,,,True,305.832090525874,0.9978537198298694,49.653085046315915,-0.17459738637730263,2.159,0.999999899750663,54.66097618051069,12.307427054247123,2026-03-27 03:46:58.514000
XRPUSDT,1598288776.0,1.3655,1219.0,,,True,306.017485453706,0.9978590322566318,49.663374241750844,-0.17430670857849045,2.159,0.9999998997686846,54.71657527035655,12.312395697924666,2026-03-27 03:46:58.514000
XRPUSDT,1598288777.0,1.3655,47.6,,,True,306.20291764539655,0.9978643315623319,49.6736608687791,-0.1740164539460541,2.159,0.9999998997867287,54.7722001446991,12.317364334030836,2026-03-27 03:46:58.514000
XRPUSDT,1598288778.0,1.3655,3.9,,,True,306.38838709362466,0.9978696177792379,49.683944929804014,-0.17372662203395647,2.159,0.9999998998047945,54.827850852925835,12.32233296257983,2026-03-27 03:46:58.514000
XRPUSDT,1598288779.0,1.3655,1325.1,,,True,306.5738937910737,0.9978748909395393,49.69422642722524,-0.17343721239646429,2.159,0.9999998998228824,54.883527325111146,12.327301583586342,2026-03-27 03:46:58.514000
XRPUSDT,1598288780.0,1.3655,3.9,,,True,306.75943773043167,0.9978801510753478,49.70450536343874,-0.1731482245874529,2.159,0.9999998998409925,54.93922961938627,12.332270197065,2026-03-27 03:46:58.514000
XRPUSDT,1598288781.0,1.3655,3.9,,,True,306.94501890439074,0.9978853982186959,49.71478174083681,-0.17285965816099827,2.159,0.9999998998591244,54.994957695644544,12.337238803030417,2026-03-27 03:46:58.514000
XRPUSDT,1598288782.0,1.3655,5558.6,,,True,307.1306373056474,0.9978906324015385,49.72505556180812,-0.1725715126707408,2.159,0.9999998998772788,55.05071162447301,12.342207401496973,2026-03-27 03:46:58.514000
XRPUSDT,1598288783.0,1.3655,1769.8,,,True,307.3162929269027,0.9978958536557522,49.7353268287376,-0.17228378767084063,0.001,0.9999998998954558,55.10649130011434,12.347171007205633,2026-03-27 03:46:58.515000
XRPUSDT,1598288784.0,1.3655,3.9,,,True,307.50186411503427,0.9979010620131366,49.74559529031459,-0.17188421558088537,0.001,0.9999998999133933,76.7174870053434,12.352134615754192,2026-03-27 03:46:58.515000
XRPUSDT,1598288785.0,1.3655,605.5,,,True,307.6874727102162,0.9979062575054128,49.7558612042818,-0.17159793572827597,0.001,0.9999998999314629,55.10158371631718,12.357098227139037,2026-03-27 03:46:58.515000
XRPUSDT,1598288786.0,1.3655,2000.0,,,True,307.8731187048973,0.9979114401642253,49.766124573005,-0.17131207265467738,0.001,0.9999998999496638,55.157610011361896,12.362061841356795,2026-03-27 03:46:58.515000
XRPUSDT,1598288787.0,1.3655,3.7,,,True,308.05880209153065,0.9979166100211413,49.77638539884631,-0.17102662592137016,0.001,0.999999899967997,55.21366218536183,12.367025458404079,2026-03-27 03:46:58.515000
XRPUSDT,1598288788.0,1.3655,432.6,,,True,308.24452286257457,0.9979217671076503,49.78664368416433,-0.17074159508983244,0.001,0.9999998999864596,55.26974019869963,12.371989078277458,2026-03-27 03:46:58.515000
XRPUSDT,1598288789.0,1.3655,3.8,,,True,308.430281010491,0.997926911455166,49.796899431314024,-0.1704569797211355,0.001,0.9999999000050523,55.32584410980432,12.376952700973805,2026-03-27 03:46:58.515000
XRPUSDT,1598288790.0,1.3655,3.9,,,True,308.61607652774705,0.9979320430950248,49.8071526426468,-0.17017277937659933,0.001,0.999999900023775,55.38197386308459,12.381916326489318,2026-03-27 03:46:58.515000
XRPUSDT,1598288791.0,1.3655,3.9,,,True,308.80190940681433,0.9979371620584871,49.817403320510486,-0.16988899361741783,0.001,0.9999999000426265,55.43812947084322,12.386879954820719,2026-03-27 03:46:58.515000
XRPUSDT,1598288792.0,1.3655,3.7,,,True,308.987779640169,0.9979422683767367,49.82765146724936,-0.16960562200472967,0.001,0.9999999000616056,55.49431093763108,12.391843585964713,2026-03-27 03:46:58.515000
XRPUSDT,1598288793.0,1.3655,3.7,,,True,309.17368722029147,0.9979473620808818,49.8378970852041,-0.16932266409948565,0.001,0.9999999000807134,55.550518284422644,12.396807219918117,2026-03-27 03:46:58.515000
XRPUSDT,1598288794.0,1.3654,3.9,,,True,309.23557785482103,0.9979473620808818,49.84788746601179,-0.05655427594348297,0.203,0.9999999000250964,,12.401771314658445,2026-03-27 03:46:58.718000
XRPUSDT,1598288795.0,1.3654,3.7,,,True,309.4215464487379,0.9979524432019535,49.858128629539635,-0.16909557101151995,0.203,0.9999999000445178,-22148.91034442059,12.406735412207201,2026-03-27 03:46:58.718000
XRPUSDT,1598288796.0,1.3654,183.5,,,True,309.6075523719867,0.9979575117709091,49.868367269897895,-0.1688133075513391,0.203,0.9999999000640556,55.6889849297551,12.411699511607958,2026-03-27 03:46:58.718000
XRPUSDT,1598288797.0,1.3654,7.4,,,True,309.7935955983572,0.997962567818629,49.87860338937836,-0.16853143988097896,0.203,0.9999999000837093,55.74861749195656,12.416663612858507,2026-03-27 03:46:58.718000
XRPUSDT,1598288798.0,1.3654,3.9,,,True,309.9796761203743,0.9979676113759184,49.88883699030752,-0.1682499845618708,0.203,0.9999999001034786,55.80492159804144,12.421627715957408,2026-03-27 03:46:58.718000
XRPUSDT,1598288799.0,1.3654,3.9,,,True,310.16579393056753,0.9979726424735076,49.89906807500832,-0.16796894115377475,0.203,0.9999999001233625,55.861251568477265,12.426591820902823,2026-03-27 03:46:58.718000
XRPUSDT,1598288800.0,1.3654,3.9,,,True,310.3519490214708,0.997977661142052,49.90929664580016,-0.16768830921628314,0.203,0.9999999001433605,55.917607430800786,12.431555927693253,2026-03-27 03:46:58.718000
XRPUSDT,1598288801.0,1.3654,3.9,,,True,310.5381413856221,0.997982667412132,49.91952270499894,-0.16740808830919957,0.203,0.9999999001634732,55.973989138264265,12.436520036326495,2026-03-27 03:46:58.718000
XRPUSDT,1598288802.0,1.3654,3.8,,,True,310.7243710155646,0.9979876613142534,49.92974625491704,-0.16712827799215446,0.203,0.9999999001836992,56.030396720596876,12.44148414680137,2026-03-27 03:46:58.718000
XRPUSDT,1598288803.0,1.3654,3.9,,,True,310.91063790384555,0.9979926428788476,49.93996729786334,-0.16684887782480906,0.203,0.9999999002040377,56.08683016430448,12.446448259116092,2026-03-27 03:46:58.718000
XRPUSDT,1598288804.0,1.3654,403.6,,,True,311.09694204301684,0.9979976121362719,49.9501858361432,-0.16656988736674616,0.203,0.9999999002244891,56.143289477657405,12.451412373268791,2026-03-27 03:46:58.718000
XRPUSDT,1598288805.0,1.3654,3.7,,,True,311.2832834256347,0.9980025691168092,49.96040187205851,-0.16629130617753246,0.203,0.9999999002450527,56.19977466514819,12.456376489257886,2026-03-27 03:46:58.718000
XRPUSDT,1598288806.0,1.3654,3.9,,,True,311.46966204425996,0.9980075138506685,49.97061540790766,-0.16601313381671476,0.203,0.9999999002657275,56.256285723172624,12.461340607081825,2026-03-27 03:46:58.718000
XRPUSDT,1598288807.0,1.3654,3.9,,,True,311.65607789145787,0.9980124463679854,49.980826445985535,-0.1657353698439491,0.203,0.9999999002865132,56.31282262686475,12.466304726738583,2026-03-27 03:46:58.718000
XRPUSDT,1598288808.0,1.3654,3.7,,,True,311.84253095979807,0.9980173666988216,49.99103498858357,-0.1654580138185175,0.203,0.9999999003074105,56.369385446687566,12.471268848226666,2026-03-27 03:46:58.718000
XRPUSDT,1598288809.0,1.3653,8.0,,,True,311.904594607104,0.9980173666988216,50.00099619078098,-0.05525486973534101,0.057,0.9999999002540347,,12.47623264800476,2026-03-27 03:46:58.775000
XRPUSDT,1598288810.0,1.3654,5.0,,,False,312.215540795814,0.9980271709209331,50.011444580932896,-0.2746883034681678,4.107,0.9999999003495166,-22381.52412678247,12.481205427694062,2026-03-27 03:47:02.882000
XRPUSDT,1598288811.0,1.3654,81.6,,,False,312.40231758430934,0.9980320548719654,50.021646065645974,-0.1648148908012647,2.133,0.9999999003712143,22496.82929631506,12.486173813320514,2026-03-27 03:47:05.015000
XRPUSDT,1598288812.0,1.3654,3134.8,,,False,312.5890239376245,0.9980369267560328,50.03184485199661,-0.1644440096888412,0.153,0.9999999003926031,76.1268345660828,12.491137826884534,2026-03-27 03:47:05.168000
XRPUSDT,1598288813.0,1.3653,31.8,,,True,312.65113449075534,0.9980369267560328,50.041798315176734,-0.05488323109271564,1.744,0.9999999003395419,,12.49610534256553,2026-03-27 03:47:06.912000
XRPUSDT,1598288814.0,1.3654,23.0,,,False,312.9624195748301,0.9980466344419859,50.05223472206608,-0.2729310184860535,0.444,0.9999999004352474,-22461.355718224724,12.501070000256668,2026-03-27 03:47:07.356000
XRPUSDT,1598288815.0,1.3653,5.0,,,True,313.024570662906,0.9980466344419859,50.06218435522056,-0.05471321452124287,1.245,0.9999999003824434,,12.50603641255842,2026-03-27 03:47:08.601000
XRPUSDT,1598288816.0,1.3654,3.9,,,False,313.3359524294875,0.9980562942154969,50.072614650324724,-0.2719930204660546,1.47,0.9999999004781486,-22493.260913208796,12.511003322436542,2026-03-27 03:47:10.071000
XRPUSDT,1598288817.0,1.3654,3.9,,,False,313.52280820697086,0.9980611062087412,50.08280096509003,-0.16303850987939558,1.47,0.9999999004997813,22642.282533420526,12.515970221692516,2026-03-27 03:47:10.071000
XRPUSDT,1598288818.0,1.3654,3.7,,,False,313.70970088635494,0.9980659063121162,50.09298480598587,-0.16276477544561097,1.47,0.999999900521463,57.02677888358782,12.52093711702656,2026-03-27 03:47:10.071000
XRPUSDT,1598288819.0,1.3654,120.5,,,False,313.89663059224415,0.9980706945548867,50.10316617552476,-0.16249156020713007,1.47,0.9999999005431935,57.059604446946885,12.525904008447098,2026-03-27 03:47:10.071000
XRPUSDT,1598288820.0,1.3654,5.6,,,False,314.08359731741285,0.9980754709662452,50.11334507596111,-0.16221874888670967,0.024,0.9999999005649736,57.11637879321753,12.530867750653021,2026-03-27 03:47:10.095000
XRPUSDT,1598288821.0,1.3654,91.7,,,False,314.2705238696845,0.9980802355753129,50.12352136228518,-0.16187973884795398,0.682,0.9999999005866319,71.15170078730674,12.535832924351327,2026-03-27 03:47:10.777000
XRPUSDT,1598288822.0,1.3654,16.0,,,False,314.4575226268278,0.9980849884111409,50.13369525172527,-0.16163830111002547,0.982,0.9999999006084813,50.79866981842698,12.540798748077453,2026-03-27 03:47:11.759000
XRPUSDT,1598288823.0,1.3654,39.0,,,False,314.64457441815574,0.9980897295027087,50.14386670964477,-0.16138062048180213,1.313,0.999999900630451,54.35048543974915,12.545765286484722,2026-03-27 03:47:13.072000
XRPUSDT,1598288824.0,1.3654,6.2,,,False,314.8316808336523,0.9980944588789246,50.15403574108211,-0.1611246343907883,3.858,0.9999999006525293,54.126819125675084,12.550737320496916,2026-03-27 03:47:16.930000
XRPUSDT,1598288825.0,1.3653,441.0,,,True,314.8941367127683,0.9980944588789246,50.16396647559126,-0.05395767824707532,2.623,0.9999999006011759,,12.555706673815363,2026-03-27 03:47:19.553000
XRPUSDT,1598288826.0,1.3654,9.8,,,False,315.20620902867904,0.9981038826005827,50.174366817994155,-0.26752268800358714,2.084,0.9999999006971881,-22662.491264505185,12.560674869021378,2026-03-27 03:47:21.637000
XRPUSDT,1598288827.0,1.3654,259.4,,,False,315.39346730570674,0.9981085770034901,50.18452855870644,-0.16034811749689845,1.029,0.9999999007193495,22830.288030393,12.565640780315817,2026-03-27 03:47:22.666000
XRPUSDT,1598288828.0,1.3654,95.1,,,False,315.58070659187507,0.9981132598059762,50.19468774300782,-0.16003076726911697,2.325,0.9999999007414081,67.76929599800906,12.570609471122362,2026-03-27 03:47:24.991000
XRPUSDT,1598288829.0,1.3654,8.9,,,False,315.7680512112772,0.9981179310365983,50.204844606463055,-0.15981976871632833,0.693,0.9999999007636853,45.16979996468152,12.575574657693524,2026-03-27 03:47:25.684000
XRPUSDT,1598288830.0,1.3654,12.5,,,False,315.95534677193916,0.9981225907238439,50.21499886228014,-0.15947785970349385,1.275,0.9999999007857824,73.37595740067727,12.580541088749106,2026-03-27 03:47:26.959000
XRPUSDT,1598288831.0,1.3654,15.6,,,False,316.1427099403328,0.9981272388961311,50.225150731028606,-0.1592355630553714,0.266,0.99999990080803,52.12729502103289,12.585505362314253,2026-03-27 03:47:27.225000
XRPUSDT,1598288832.0,1.3654,670.6,,,False,316.33005708792155,0.9981318755818084,50.23530005924036,-0.15892283912801966,0.553,0.9999999008302166,67.44557408389528,12.590470249218884,2026-03-27 03:47:27.778000
XRPUSDT,1598288833.0,1.3654,347.9,,,False,316.5174563118509,0.9981365008091551,50.24544697598925,-0.15866822120225624,0.553,0.9999999008525369,55.049818458401504,12.595435136384587,2026-03-27 03:47:27.778000
XRPUSDT,1598288834.0,1.3654,8.5,,,False,316.70489253483834,0.9981411146063814,50.25559145543004,-0.1584012384815835,2.108,0.9999999008749446,57.86615830147002,12.60040332752502,2026-03-27 03:47:29.886000
XRPUSDT,1598288835.0,1.3654,7.8,,,False,316.89244702403306,0.9981457170016289,50.26573364954792,-0.15820296076842325,2.325,0.9999999008976197,43.08141793545751,12.605371972328754,2026-03-27 03:47:32.211000
XRPUSDT,1598288836.0,1.3654,35.8,,,False,317.08004968690295,0.9981503080229697,50.27587343058553,-0.15794589956344152,1.579,0.9999999009203393,55.992160763760296,12.610339029985928,2026-03-27 03:47:33.790000
XRPUSDT,1598288837.0,1.3653,18.3,,,True,317.14253157323066,0.9981503080229697,50.28578097692592,-0.05277561360235206,2.347,0.9999999008696493,,12.615307704886398,2026-03-27 03:47:36.137000
XRPUSDT,1598288838.0,1.3654,5.0,,,False,317.4553277000826,0.9981594560558787,50.296145630242194,-0.26215703681732205,0.046,0.9999999009657553,-22888.136203267786,12.620271518524474,2026-03-27 03:47:36.183000
XRPUSDT,1598288839.0,1.3654,252.5,,,False,317.64292240640737,0.9981640131232496,50.306277906459705,-0.15704973251875393,3.197,0.9999999009882727,23064.680801009494,12.62524197282448,2026-03-27 03:47:39.380000
XRPUSDT,1598288840.0,1.3653,5.0,,,True,317.7055248724126,0.9981640131232496,50.31617988922771,-0.05257926658024551,2.52,0.9999999009380416,,12.630210989874744,2026-03-27 03:47:41.900000
XRPUSDT,1598288841.0,1.3653,100.0,,,True,317.89329696332425,0.9981685589283198,50.326308071018076,-0.156932854409837,2.787,0.999999900960962,-22956.019059190086,12.635180571172397,2026-03-27 03:47:44.687000
XRPUSDT,1598288842.0,1.3654,243.4,,,False,318.2063617794055,0.9981776168624146,50.33666098565,-0.2604123642921159,1.436,0.9999999010570585,-11424.184455250932,12.640147307526554,2026-03-27 03:47:46.123000
XRPUSDT,1598288843.0,1.3653,7.4,,,True,318.26890971222883,0.9981776168624146,50.34655709464242,-0.05223773651705683,5.587,0.9999999010067026,,12.64512271575534,2026-03-27 03:47:51.710000
XRPUSDT,1598288844.0,1.3654,102.6,,,False,318.5822412011716,0.9981866300791997,50.356904398229496,-0.2596529670321256,0.235,0.9999999011030807,-23012.342370024704,12.650086927366202,2026-03-27 03:47:51.945000
XRPUSDT,1598288845.0,1.3654,12.4,,,False,318.77006737661486,0.9981911199873802,50.3670221777925,-0.15547534955240513,4.611,0.9999999011256132,23202.616466151485,12.655060265888395,2026-03-27 03:47:56.556000
XRPUSDT,1598288846.0,1.3654,5.0,,,False,318.9581552236639,0.9981955987986335,50.37713794949109,-0.15539817584794458,12.925,0.9999999011487443,17.230845439938808,12.660050896982424,2026-03-27 03:48:09.481000
XRPUSDT,1598288847.0,1.3654,28.8,,,False,319.1467060035783,0.9982000665402867,50.38725207256039,-0.15548571844496178,5.135,0.9999999011727339,-19.594373133611665,12.665025283264479,2026-03-27 03:48:14.616000
XRPUSDT,1598288848.0,1.3653,5.0,,,True,319.20950413429455,0.9982000665402867,50.39713902804687,-0.05195419044065006,0.587,0.999999901122485,,12.669990212498755,2026-03-27 03:48:15.203000
XRPUSDT,1598288849.0,1.3653,10.0,,,True,319.39747117671766,0.9982045232395996,50.40724771321308,-0.15474334354912742,1.066,0.9999999011445663,-23063.964133799975,12.674956138327405,2026-03-27 03:48:16.269000
XRPUSDT,1598288850.0,1.3654,4.2,,,False,319.7109383938004,0.9982134036199128,50.4175770615287,-0.25684123216863425,0.18,0.9999999012396296,-11497.017584661586,12.679920227071495,2026-03-27 03:48:16.449000
XRPUSDT,1598288851.0,1.3653,19.0,,,True,319.77351972160875,0.9982134036199128,50.427457881600134,-0.051483597196509544,1.369,0.9999999011889752,,12.684886770504948,2026-03-27 03:48:17.818000
XRPUSDT,1598288852.0,1.3654,27.5,,,False,320.08712507608857,0.9982222401563248,50.43778144211902,-0.2559870702805064,1.352,0.9999999012841652,-23142.94465057285,12.689853282624966,2026-03-27 03:48:19.170000
XRPUSDT,1598288853.0,1.3654,12.3,,,False,320.2753031392773,0.9982266420505128,50.44788008902049,-0.15343289292588533,6.932,0.9999999013066008,23297.737967706093,12.69483126675963,2026-03-27 03:48:26.102000
XRPUSDT,1598288854.0,1.3654,6.8,,,False,320.4638008522845,0.998231033064528,50.45797683890608,-0.15340294986362607,0.402,0.9999999013297175,6.819167999876192,12.69979581101316,2026-03-27 03:48:26.504000
XRPUSDT,1598288855.0,1.3653,33.6,,,True,320.5264425823023,0.998231033064528,50.467850117511674,-0.05114578894538348,7.187,0.9999999012792663,,12.70477426351955,2026-03-27 03:48:33.691000
XRPUSDT,1598288856.0,1.3653,140.0,,,True,320.7150011484883,0.998235413225167,50.47794260555736,-0.15319268683243384,0.301,0.9999999013023606,-23297.52406317815,12.70973859854101,2026-03-27 03:48:33.992000
XRPUSDT,1598288857.0,1.3654,189.2,,,False,321.02885923638155,0.9982441410931776,50.48825158518219,-0.2537859549738178,4.78,0.9999999013970743,-11525.525823562268,12.714712107706998,2026-03-27 03:48:38.772000
XRPUSDT,1598288858.0,1.3653,5940.2,,,True,321.09175888403144,0.9982441410931776,50.49811958914422,-0.05106561721873887,0.958,0.9999999013472278,,12.719677780519627,2026-03-27 03:48:39.730000
XRPUSDT,1598288859.0,1.3653,3.7,,,True,321.2801129012463,0.9982484888538161,50.508204362620454,-0.1521625915576519,0.958,0.9999999013694439,-23252.6541234585,12.724643456001738,2026-03-27 03:48:39.730000
XRPUSDT,1598288860.0,1.3653,3.9,,,True,321.46850378178067,0.9982528258676131,50.51828675377751,-0.15190528926658475,0.958,0.99999990139173,59.32706306953863,12.729609130086942,2026-03-27 03:48:39.730000
XRPUSDT,1598288861.0,1.3653,4.1,,,True,321.6569314375497,0.9982571521610394,50.52836676459396,-0.1516483075365112,0.958,0.9999999014140853,59.39997701320576,12.734574802779377,2026-03-27 03:48:39.730000
XRPUSDT,1598288862.0,1.3653,7.4,,,True,321.8453958614407,0.9982614677605013,50.53844439718658,-0.15139171122344805,0.958,0.9999999014365092,59.45786102913643,12.739540474082984,2026-03-27 03:48:39.730000
XRPUSDT,1598288863.0,1.3653,3.9,,,True,322.0338970463448,0.9982657726923403,50.54851965366888,-0.1511354998861285,0.958,0.999999901459002,59.515770957882424,12.744506144001663,2026-03-27 03:48:39.730000
XRPUSDT,1598288864.0,1.3653,3.9,,,True,322.2224349851578,0.9982700669828336,50.55859253615126,-0.15087967308332098,0.958,0.9999999014815628,59.57370681046524,12.749471812539488,2026-03-27 03:48:39.730000
XRPUSDT,1598288865.0,1.3653,3.9,,,True,322.4110096707792,0.9982743506581945,50.568663046740944,-0.1506242303738834,0.958,0.9999999015041922,59.631668583209056,12.754437479700554,2026-03-27 03:48:39.730000
XRPUSDT,1598288866.0,1.3653,3.9,,,True,322.59962109611274,0.9982786237445711,50.57873118754197,-0.15036917131693345,0.958,0.9999999015268896,59.68965625058827,12.759403145488507,2026-03-27 03:48:39.730000
XRPUSDT,1598288867.0,1.3653,3.9,,,True,322.7882692540664,0.9982828862680491,50.588796960655245,-0.1501144954713444,0.958,0.9999999015496547,59.74766987346197,12.764368809907687,2026-03-27 03:48:39.730000
XRPUSDT,1598288868.0,1.3653,3.8,,,True,322.9769541375522,0.998287138254649,50.598860368178535,-0.149860202396374,0.958,0.9999999015724877,59.805709400631756,12.769334472961788,2026-03-27 03:48:39.730000
XRPUSDT,1598288869.0,1.3653,231.9,,,True,323.1656757394863,0.9982913797303281,50.608921412206485,-0.14960629165135553,0.958,0.9999999015953872,59.863774833892656,12.774300134654977,2026-03-27 03:48:39.730000
XRPUSDT,1598288870.0,1.3653,432.8,,,True,323.35443405278914,0.9982956107209807,50.618980094830526,-0.1493527627954768,0.958,0.9999999016183538,59.92186622354468,12.779265794991199,2026-03-27 03:48:39.730000
XRPUSDT,1598288871.0,1.3653,12.3,,,True,323.54322907038505,0.998299831252437,50.62903641813902,-0.1490996153883364,0.958,0.9999999016413874,59.97998350685328,12.784231453974087,2026-03-27 03:48:39.730000
XRPUSDT,1598288872.0,1.3653,3.7,,,True,323.73206078520246,0.9983040413504645,50.6390903842172,-0.14884684898936487,0.003,0.9999999016644879,60.03812674314282,12.789195205664589,2026-03-27 03:48:39.733000
XRPUSDT,1598288873.0,1.3653,3.9,,,True,323.9208820680184,0.9983082410407673,50.64914191590404,-0.14855752306340314,0.003,0.9999999016875497,68.8922051621724,12.794158959978658,2026-03-27 03:48:39.733000
XRPUSDT,1598288874.0,1.3653,3.9,,,True,324.1097401132879,0.9983124303489871,50.65919109504655,-0.14830571919487923,0.003,0.999999901710714,60.10631238245101,12.799122716912999,2026-03-27 03:48:39.733000
XRPUSDT,1598288875.0,1.3653,3.9,,,True,324.2986349138438,0.9983166093007023,50.66923792371799,-0.14805429420822724,0.003,0.9999999017339829,60.16460676867774,12.804086476464684,2026-03-27 03:48:39.733000
XRPUSDT,1598288876.0,1.3653,3.9,,,True,324.4875664625234,0.9983207779214293,50.67928240398852,-0.14780324766614109,0.003,0.9999999017573542,60.22292708561807,12.809050238630807,2026-03-27 03:48:39.733000
XRPUSDT,1598288877.0,1.3653,3.9,,,True,324.6765347521675,0.9983249362366212,50.68932453792525,-0.14755257913130926,0.003,0.9999999017808283,60.28127336679295,12.814014003407845,2026-03-27 03:48:39.733000
XRPUSDT,1598288878.0,1.3653,3.9,,,True,324.86553977562204,0.9983290842716698,50.699364327592164,-0.14730228816671337,0.003,0.9999999018044038,60.339645558919244,12.81897777079343,2026-03-27 03:48:39.733000
XRPUSDT,1598288879.0,1.3653,3.8,,,True,325.05458152573635,0.998333222051904,50.709401775050175,-0.14705237433522678,0.003,0.999999901828081,60.39804371905139,12.823941540784057,2026-03-27 03:48:39.733000
XRPUSDT,1598288880.0,1.3653,3.7,,,True,325.24365999536417,0.9983373496025914,50.71943688235718,-0.14680283720001402,0.003,0.9999999018518587,60.45646779761104,12.828905313376813,2026-03-27 03:48:39.733000
XRPUSDT,1598288881.0,1.3653,3.9,,,True,325.4327751773637,0.9983414669489369,50.72946965156794,-0.14655367632433144,0.003,0.9999999018757372,60.51491780691935,12.833869088568665,2026-03-27 03:48:39.733000
XRPUSDT,1598288882.0,1.3652,3.7,,,True,325.4957040063259,0.9983414669489369,50.73929223824883,-0.04892498519249608,0.005,0.9999999018280022,,12.838832870277445,2026-03-27 03:48:39.738000
XRPUSDT,1598288883.0,1.3652,7.4,,,True,325.6848682577242,0.9983455741160847,50.749320810969024,-0.14634284964300717,0.005,0.9999999018521194,-23718.99193390829,12.84379665459158,2026-03-27 03:48:39.738000
XRPUSDT,1598288884.0,1.3652,4.4,,,True,325.87406920506635,0.9983496711291167,50.75934705068037,-0.1460943608846877,0.005,0.9999999018763356,60.65120037011678,12.848760441487645,2026-03-27 03:48:39.738000
XRPUSDT,1598288885.0,1.3652,5.5,,,True,326.0633068408136,0.9983537580130536,50.769370959427086,-0.14584624691872444,0.005,0.9999999019006507,60.70981456575141,12.853724230962747,2026-03-27 03:48:39.738000
XRPUSDT,1598288886.0,1.3652,4.1,,,True,326.2525811578422,0.998357834792855,50.779392539251,-0.1455985076255778,0.005,0.9999999019250642,60.768377301364524,12.858688023013821,2026-03-27 03:48:39.738000
XRPUSDT,1598288887.0,1.3652,3.9,,,True,326.4418921490327,0.9983619014934194,50.789411792190904,-0.145351142568953,0.005,0.999999901949576,60.826965916713135,12.863651817637932,2026-03-27 03:48:39.738000
XRPUSDT,1598288888.0,1.3652,7329.1,,,True,326.6312398072695,0.9983659581395842,50.7994287202826,-0.14510415131220555,0.005,0.9999999019741846,60.885580530264605,12.868615614832269,2026-03-27 03:48:39.738000
XRPUSDT,1598288889.0,1.3652,3.9,,,True,326.82062412544144,0.998370004756126,50.80944332555879,-0.14485753341910645,0.005,0.9999999019988908,60.94422106676205,12.873579414593491,2026-03-27 03:48:39.738000
XRPUSDT,1598288890.0,1.3652,3.9,,,True,327.0100450964414,0.9983740413677612,50.81945561004921,-0.14461128845342366,0.005,0.9999999020236935,61.00288755479896,12.878543216918992,2026-03-27 03:48:39.738000
XRPUSDT,1598288891.0,1.3652,165.0,,,True,327.1995027131664,0.9983780679991449,50.82946557578055,-0.144365415979082,0.005,0.9999999020485922,61.06157999451668,12.883507021805807,2026-03-27 03:48:39.738000
XRPUSDT,1598288892.0,1.3652,400.0,,,True,327.3889969685175,0.9983820846748724,50.83947322477652,-0.14411991556013223,0.005,0.9999999020735869,61.12029837610248,12.888470829250696,2026-03-27 03:48:39.738000
XRPUSDT,1598288893.0,1.3652,200.0,,,True,327.5785278554002,0.9983860914194789,50.84947855905777,-0.1438747867607028,0.005,0.999999902098677,61.17904271609011,12.893434639251169,2026-03-27 03:48:39.738000
XRPUSDT,1598288894.0,1.3652,800.0,,,True,327.76809536672346,0.9983900882574389,50.85948158064199,-0.1436300291450276,0.005,0.9999999021238622,61.23781302175154,12.898398451803708,2026-03-27 03:48:39.738000
XRPUSDT,1598288895.0,1.3652,16.1,,,True,327.95769949540124,0.9983940752131675,50.869482291543875,-0.14338564227768016,0.005,0.9999999021491415,61.296609239124585,12.903362266906004,2026-03-27 03:48:39.738000
XRPUSDT,1598288896.0,1.3652,73.2,,,True,328.14734023435096,0.9983980523110199,50.87948069377511,-0.14314162572302652,0.005,0.9999999021745154,61.35543145048398,12.908326084554481,2026-03-27 03:48:39.738000
XRPUSDT,1598288897.0,1.3652,73.2,,,True,328.3370175764946,0.9984020195752917,50.889476789344386,-0.14289797904582843,0.005,0.9999999021999827,61.41427958941851,12.913289904746813,2026-03-27 03:48:39.738000
XRPUSDT,1598288898.0,1.3652,3.9,,,True,328.5267315147577,0.9984059770302189,50.89947058025744,-0.14265470181083995,0.005,0.9999999022255437,61.47315369685071,12.91825372747973,2026-03-27 03:48:39.738000
XRPUSDT,1598288899.0,1.3652,3.9,,,True,328.71648204207054,0.9984099246999782,50.90946206851703,-0.14241179358295086,0.005,0.9999999022511966,61.532053768266664,12.92321755275029,2026-03-27 03:48:39.738000
XRPUSDT,1598288900.0,1.3652,3.9,,,True,328.90626915136704,0.998413862608687,50.91945125612291,-0.1421692539273509,0.005,0.9999999022769431,61.590979765202704,12.92818138055577,2026-03-27 03:48:39.738000
XRPUSDT,1598288901.0,1.3652,4.5,,,True,329.09609283558547,0.9984177907804038,50.92943814507192,-0.14192708240910815,0.005,0.9999999023027814,61.64993175003762,12.933145210893532,2026-03-27 03:48:39.738000
XRPUSDT,1598288902.0,1.3652,3.7,,,True,329.2859530876681,0.9984217092391284,50.9394227373579,-0.1416852785935602,0.005,0.9999999023287099,61.70890968675229,12.938109043759807,2026-03-27 03:48:39.738000
XRPUSDT,1598288903.0,1.3652,3.9,,,True,329.4758499005612,0.9984256180088013,50.94940503497175,-0.14144384204621832,0.005,0.9999999023547316,61.76791357663825,12.943072879152506,2026-03-27 03:48:39.738000
XRPUSDT,1598288904.0,1.3652,3.9,,,True,329.66578326721526,0.9984295171133044,50.95938503990143,-0.1412027723326756,0.005,0.9999999023808422,61.8269434295674,12.94803671706864,2026-03-27 03:48:39.738000
XRPUSDT,1598288905.0,1.3651,3.7,,,True,329.72896939898516,0.9984295171133044,50.96916504302432,-0.0471261989327072,0.005,0.9999999023361502,,12.953000557501154,2026-03-27 03:48:39.738000
XRPUSDT,1598288906.0,1.3651,5.5,,,True,329.9189515289043,0.9984334065764617,50.97914091927187,-0.14099825037989305,0.005,0.9999999023624825,-24134.963528423716,12.95796440047105,2026-03-27 03:48:39.738000
XRPUSDT,1598288907.0,1.3651,4.4,,,True,330.10897019652356,0.9984372864220383,50.989114507773,-0.1407578377435581,0.005,0.9999999023889031,61.96448585102085,12.96292824595539,2026-03-27 03:48:39.738000
XRPUSDT,1598288908.0,1.3651,7.4,,,True,330.2990253944077,0.9984411566737412,50.99908581050548,-0.14051779049483823,0.005,0.9999999024154133,62.02367885792719,12.967892093951528,2026-03-27 03:48:39.738000
XRPUSDT,1598288909.0,1.3651,907.6,,,True,330.48911711552506,0.9984450173552197,51.00905482944476,-0.1402781084953257,0.005,0.9999999024420122,62.08282160723958,12.97285594445647,2026-03-27 03:48:39.738000
XRPUSDT,1598288910.0,1.3651,1262.1,,,True,330.67924535284766,0.9984488684900646,51.019021566563374,-0.140038791311014,0.005,0.9999999024687001,62.14199033510579,12.97781979746744,2026-03-27 03:48:39.738000
XRPUSDT,1598288911.0,1.3651,879.9,,,True,330.8694100993521,0.9984527101018091,51.028986023830974,-0.13979983850819913,0.005,0.999999902495476,62.2011849993456,12.98278365298137,2026-03-27 03:48:39.738000
XRPUSDT,1598288912.0,1.3651,3.7,,,True,331.05961134801845,0.998456542213929,51.038948203214254,-0.13956124965307976,0.005,0.9999999025223387,62.26040566075432,12.987747510995677,2026-03-27 03:48:39.738000
XRPUSDT,1598288913.0,1.3651,4.1,,,True,331.24984909183115,0.9984603648498426,51.04890810667703,-0.13932302431216148,0.005,0.9999999025492894,62.319652277525456,12.992711371507182,2026-03-27 03:48:39.738000
XRPUSDT,1598288914.0,1.3651,2757.9,,,True,331.4401233237787,0.9984641780329102,51.058865736180195,-0.1390851620520969,0.005,0.9999999025763265,62.37892486291344,12.99767523451325,2026-03-27 03:48:39.738000
XRPUSDT,1598288915.0,1.3651,3.7,,,True,331.63043403685356,0.9984679817864359,51.068821093681755,-0.1388476624396812,0.005,0.9999999026034496,62.43822340495304,13.002639100011036,2026-03-27 03:48:39.738000
XRPUSDT,1598288916.0,1.3651,3.9,,,True,331.82078122405227,0.9984717761336657,51.0787741811368,-0.13861052504179494,0.005,0.9999999026306599,62.49754793846364,13.007602967997892,2026-03-27 03:48:39.738000
XRPUSDT,1598288917.0,1.3651,8.0,,,True,332.0111648783754,0.9984755610977889,51.088725000497575,-0.13837374942557903,0.005,0.999999902657955,62.55689842938305,13.012566838470374,2026-03-27 03:48:39.738000
XRPUSDT,1598288918.0,1.3651,4934.2,,,True,332.2015849928276,0.9984793367019388,51.0986735537134,-0.1381373351582085,0.005,0.9999999026853355,62.616274902129184,13.017530711426211,2026-03-27 03:48:39.738000
XRPUSDT,1598288919.0,1.3651,2395.5,,,True,332.39204156041734,0.9984831029691908,51.10861984273075,-0.13790128180713515,0.005,0.999999902712801,62.6756773417007,13.022494586862498,2026-03-27 03:48:39.738000
XRPUSDT,1598288920.0,1.3651,3.9,,,True,332.5825345741575,0.9984868599225647,51.11856386949321,-0.13766558894001296,0.005,0.9999999027403508,62.73510572768336,13.02745846477624,2026-03-27 03:48:39.738000
XRPUSDT,1598288921.0,1.3651,3.9,,,True,332.7730640270646,0.9984906075850233,51.128505635941465,-0.13743025612434712,0.005,0.9999999027679849,62.794560146863674,13.0324223451647,2026-03-27 03:48:39.738000
XRPUSDT,1598288922.0,1.3651,1465.7,,,True,332.9636299121595,0.9984943459794736,51.138445144013396,-0.13719528292820946,0.005,0.999999902795703,62.85404048695349,13.037386228024765,2026-03-27 03:48:39.738000
XRPUSDT,1598288923.0,1.3651,3.7,,,True,333.1542322224668,0.998498075128766,51.14838239564401,-0.13696066891960118,0.005,0.9999999028235038,62.913546821167806,13.042350113354317,2026-03-27 03:48:39.738000
XRPUSDT,1598288924.0,1.3651,3.9,,,True,333.34487095101537,0.9985017950556954,51.158317392765426,-0.13672641366665073,0.005,0.9999999028513881,62.97307914849703,13.047314001150156,2026-03-27 03:48:39.738000
XRPUSDT,1598288925.0,1.365,7.4,,,True,333.4082767318184,0.9985017950556954,51.168060783349354,-0.045620342582216346,0.009,0.9999999028091868,,13.052277898721872,2026-03-27 03:48:39.747000
XRPUSDT,1598288926.0,1.365,4.1,,,True,333.5989642282969,0.9985055057830003,51.177991709538695,-0.13652741806198748,0.009,0.9999999028372761,-24498.45219228801,13.057241798773523,2026-03-27 03:48:39.747000
XRPUSDT,1598288927.0,1.365,500.2,,,True,333.7896881271271,0.9985092073333638,51.18792038602908,-0.13629380606163344,0.009,0.9999999028654473,63.11193349174914,13.062205701267597,2026-03-27 03:48:39.747000
XRPUSDT,1598288928.0,1.365,3.7,,,True,333.9804484206513,0.9985128997294135,51.197846814742334,-0.13606055117148919,0.009,0.9999999028936998,63.171687707679546,13.067169606201887,2026-03-27 03:48:39.747000
XRPUSDT,1598288929.0,1.365,11.0,,,True,334.171245101916,0.9985165829937213,51.20777099759852,-0.13582765346064712,0.009,0.9999999029220338,63.23133269325082,13.072133513572807,2026-03-27 03:48:39.747000
XRPUSDT,1598288930.0,1.365,5.5,,,True,334.3620781639716,0.998520257148804,51.21769293651492,-0.13559511249788775,0.009,0.999999902950448,63.291003652020486,13.077097423378083,2026-03-27 03:48:39.747000
XRPUSDT,1598288931.0,1.365,830.6,,,True,334.55294759987277,0.998523922217123,51.22761263340592,-0.13536292785221463,0.009,0.9999999029789421,63.35070057650573,13.082061335615137,2026-03-27 03:48:39.747000
XRPUSDT,1598288932.0,1.365,1772.1,,,True,334.7438534026779,0.9985275782210847,51.23753009018313,-0.1351310990927262,0.009,0.9999999030075164,63.41042348918101,13.087025250280771,2026-03-27 03:48:39.747000
XRPUSDT,1598288933.0,1.365,9976.0,,,True,334.9347955654496,0.9985312251830408,51.247445308755324,-0.13489962578863954,0.009,0.9999999030361698,63.47017239920961,13.091989167372567,2026-03-27 03:48:39.747000
XRPUSDT,1598288934.0,1.365,5024.0,,,True,335.125774081254,0.9985348631252879,51.2573582910285,-0.13466850750945583,0.001,0.9999999030649025,63.52994728462923,13.096953072448974,2026-03-27 03:48:39.748000
XRPUSDT,1598288935.0,1.365,3.9,,,True,335.31678858211836,0.9985384920700681,51.267269038381116,-0.13443749063003418,0.001,0.9999999030937137,63.659519066575356,13.10191697997579,2026-03-27 03:48:39.748000
XRPUSDT,1598288936.0,1.365,3662.1,,,True,335.50783942277485,0.9985421120395688,51.27717755324175,-0.13420708250484928,0.001,0.9999999031226029,63.649189624270285,13.106880889950906,2026-03-27 03:48:39.748000
XRPUSDT,1598288937.0,1.365,2158.3,,,True,335.6989265963012,0.9985457230559234,51.28708383750797,-0.1339770281083108,0.001,0.9999999031515703,63.70904309128642,13.111844802371175,2026-03-27 03:48:39.748000
XRPUSDT,1598288938.0,1.3651,68.4,,,False,336.0176340891008,0.9985529183174551,51.29717170557333,-0.22239618491172114,0.391,0.999999903250255,-12288.525776840346,13.116809416581223,2026-03-27 03:48:40.139000
XRPUSDT,1598288939.0,1.365,3.9,,,True,336.08122741571424,0.9985529183174551,51.30688974701698,-0.0445505301727246,0.694,0.9999999032097787,,13.121774571102836,2026-03-27 03:48:40.833000
XRPUSDT,1598288940.0,1.365,3.9,,,True,336.2724545173878,0.9985565026066281,51.31678939525053,-0.13331047331664983,0.694,0.9999999032390378,-24763.611098137062,13.126739728069218,2026-03-27 03:48:40.833000
XRPUSDT,1598288941.0,1.365,1.7,,,True,336.4637179244095,0.9985600780306462,51.32668682023254,-0.13308174762227498,0.694,0.9999999032683514,63.97162776176399,13.1317048848799,2026-03-27 03:48:40.833000
XRPUSDT,1598288942.0,1.3651,5.0,,,False,336.78269822484583,0.9985672023706167,51.33676416310554,-0.22089522578872833,1.979,0.9999999033671948,-12325.840503092828,13.136672330502625,2026-03-27 03:48:42.812000
XRPUSDT,1598288943.0,1.3651,18.0,,,False,336.9741155741897,0.998570751330135,51.34665681257137,-0.13240365587137654,2.63,0.9999999033967079,24934.510935384053,13.14164091878405,2026-03-27 03:48:45.442000
XRPUSDT,1598288944.0,1.3651,10.3,,,False,337.16559783521325,0.9985742915116299,51.356547285553866,-0.13219595035026616,1.944,0.9999999034262997,58.67086797849675,13.14660828474656,2026-03-27 03:48:47.386000
XRPUSDT,1598288945.0,1.365,5.0,,,True,337.2293326374188,0.9985742915116299,51.36625460624272,-0.044141200400433796,1.115,0.9999999033864622,,13.151574179454084,2026-03-27 03:48:48.501000
XRPUSDT,1598288946.0,1.3651,683.0,,,False,337.54857298956784,0.9985813456270951,51.376321448686966,-0.2193940281915687,0.34,0.9999999034852584,-24844.054319173752,13.156538706571194,2026-03-27 03:48:48.841000
XRPUSDT,1598288947.0,1.3651,9.7,,,False,337.7400621783334,0.9985848596042053,51.386205138073564,-0.1314460720005672,4.763,0.9999999035146652,25028.03900918672,13.161511026915738,2026-03-27 03:48:53.604000
XRPUSDT,1598288948.0,1.3651,3.9,,,False,337.93178287279096,0.9985883648895723,51.39608689246759,-0.13135355525135836,4.763,0.9999999035445841,26.393499964568953,13.166483332113504,2026-03-27 03:48:53.604000
XRPUSDT,1598288949.0,1.3651,3.7,,,False,338.12353945400616,0.998591861504634,51.405966437785956,-0.13112733811353455,4.763,0.9999999035744302,64.69603711905951,13.171455622165977,2026-03-27 03:48:53.604000
XRPUSDT,1598288950.0,1.3651,3.9,,,False,338.3153319149396,0.9985953494707757,51.41584377589726,-0.1309014713191164,4.763,0.9999999036042014,64.75601690005685,13.176427897101597,2026-03-27 03:48:53.604000
XRPUSDT,1598288951.0,1.3651,3.8,,,False,338.50716024923116,0.9985988288093308,51.425718908668195,-0.13067595489233402,4.763,0.9999999036338998,64.81589049393463,13.181400156949348,2026-03-27 03:48:53.604000
XRPUSDT,1598288952.0,1.3651,147.0,,,False,338.69902445052406,0.9986022995415795,51.43559183796281,-0.13045078839521812,2.661,0.9999999036635254,64.87579017352708,13.18636872975606,2026-03-27 03:48:56.265000
XRPUSDT,1598288953.0,1.3651,107.1,,,False,338.89083239927504,0.9986057616887503,51.44546243793144,-0.1301636864227253,1.163,0.9999999036928674,82.92598735261475,13.191334682883799,2026-03-27 03:48:57.428000
XRPUSDT,1598288954.0,1.3651,11.0,,,False,339.08261081505754,0.9986092152720195,51.45533074834352,-0.12989532754110103,4.317,0.9999999037220516,77.70447697423806,13.196306124954052,2026-03-27 03:49:01.745000
XRPUSDT,1598288955.0,1.365,10.1,,,True,339.14656887031964,0.9986092152720195,51.46502025293289,-0.0434576634143268,4.372,0.9999999036826501,,13.201277646412326,2026-03-27 03:49:06.117000
XRPUSDT,1598288956.0,1.3651,7.3,,,False,339.46655366864064,0.9986160968312991,51.475061163794905,-0.21574284793766219,2.587,0.9999999037810786,-25035.777143291554,13.206246069842159,2026-03-27 03:49:08.704000
XRPUSDT,1598288957.0,1.3651,479.5,,,False,339.65850253714456,0.9986195248494031,51.484922974719524,-0.1292670974080778,1.482,0.9999999038103292,25226.165063225577,13.21121256306739,2026-03-27 03:49:10.186000
XRPUSDT,1598288958.0,1.365,8.1,,,True,339.7223726305381,0.9986195248494031,51.494606938754806,-0.04315014095204783,0.612,0.9999999037706454,,13.216177548752396,2026-03-27 03:49:10.798000
XRPUSDT,1598288959.0,1.3651,5.0,,,False,340.04237409100745,0.998626355467386,51.50463984069805,-0.21452058235450547,4.084,0.9999999038685428,-25088.570584896515,13.221148542389068,2026-03-27 03:49:14.882000
XRPUSDT,1598288960.0,1.365,101.4,,,True,340.10638116965407,0.998626355467386,51.514320384349205,-0.04307733145234069,2.877,0.999999903829286,,13.226117427322759,2026-03-27 03:49:17.759000
XRPUSDT,1598288961.0,1.365,5.0,,,True,340.29846211913,0.9986297581090495,51.52417385696879,-0.12864025770706736,2.842,0.9999999038586368,-25146.029090138338,13.231086254364863,2026-03-27 03:49:20.601000
XRPUSDT,1598288962.0,1.3651,200.0,,,False,340.6187405441588,0.9986365381617973,51.53419913133286,-0.2134774845322992,5.94,0.9999999039566276,-12512.767965246769,13.236060406024004,2026-03-27 03:49:26.541000
XRPUSDT,1598288963.0,1.3651,800.0,,,False,340.8110499742861,0.9986399156143596,51.544048016769054,-0.1280319756472565,5.94,0.9999999039862176,25298.803553603906,13.241034517242264,2026-03-27 03:49:26.541000
XRPUSDT,1598288964.0,1.3651,4000.0,,,False,341.0033946700221,0.9986432847119479,51.55389471982443,-0.1278104944258298,5.94,0.9999999040157005,65.73903415542719,13.246008609485783,2026-03-27 03:49:26.541000
XRPUSDT,1598288965.0,1.3651,366.2,,,False,341.1957750637756,0.9986466454751737,51.563739242924555,-0.1275896497382374,5.94,0.9999999040450801,65.71265892684211,13.25098268279003,2026-03-27 03:49:26.541000
XRPUSDT,1598288966.0,1.3651,3.9,,,False,341.3881911493618,0.9986499979245985,51.57358158789757,-0.12736914963711182,5.94,0.9999999040743557,65.77283448083965,13.255956737190138,2026-03-27 03:49:26.541000
XRPUSDT,1598288967.0,1.3651,3.9,,,False,341.5806429205971,0.9986533420807334,51.583421756568946,-0.12714899368458454,5.94,0.9999999041035278,65.83303639138444,13.260930772721624,2026-03-27 03:49:26.541000
XRPUSDT,1598288968.0,1.3651,3.9,,,False,341.7731303713008,0.9986566779640387,51.59325975076143,-0.1269291814437527,5.94,0.9999999041325983,65.89326445728489,13.265904789419844,2026-03-27 03:49:26.541000
XRPUSDT,1598288969.0,1.3651,3.9,,,False,341.9656534952959,0.9986600055949247,51.603095572295146,-0.12670971247850468,5.94,0.9999999041615656,65.95351851288954,13.270878787320271,2026-03-27 03:49:26.541000
XRPUSDT,1598288970.0,1.3651,3.7,,,False,342.1582122864081,0.9986633249937518,51.61292922298747,-0.12649058635266894,5.94,0.9999999041904316,66.01379865880683,13.275852766457701,2026-03-27 03:49:26.541000
XRPUSDT,1598288971.0,1.3651,3.9,,,False,342.35080673846676,0.9986666361808302,51.62276070465308,-0.12627180263050125,5.94,0.9999999042191966,66.0741048411164,13.280826726867806,2026-03-27 03:49:26.541000
XRPUSDT,1598288972.0,1.3651,3.9,,,False,342.543436845304,0.9986699391764202,51.63259001910408,-0.12605336087634744,5.94,0.9999999042478612,66.13443711903895,13.285800668585324,2026-03-27 03:49:26.541000
XRPUSDT,1598288973.0,1.3651,3.8,,,False,342.7361026007553,0.9986732340007329,51.642417168149805,-0.12583526065494108,5.94,0.9999999042764259,66.19479544466665,13.290774591645343,2026-03-27 03:49:26.541000
XRPUSDT,1598288974.0,1.3651,3.9,,,False,342.9288039986595,0.9986765206739291,51.65224215359698,-0.12561750153125287,5.94,0.999999904304891,66.25517984046834,13.295748496083048,2026-03-27 03:49:26.541000
XRPUSDT,1598288975.0,1.3651,3.7,,,False,343.1215410328581,0.9986797992161204,51.662064977249656,-0.1254000830704709,5.94,0.9999999043332569,66.31559031320445,13.30072238193316,2026-03-27 03:49:26.541000
XRPUSDT,1598288976.0,1.3651,3.9,,,False,343.3143136971965,0.9986830696473694,51.67188564090923,-0.1251830048381372,5.94,0.9999999043615239,66.37602683061033,13.305696249230756,2026-03-27 03:49:26.541000
XRPUSDT,1598288977.0,1.3652,3.7,,,False,343.63564526036504,0.9986895862570428,51.68187183652054,-0.20767284336042602,0.104,0.9999999044576783,-12658.397948639074,13.310660333783504,2026-03-27 03:49:26.645000
XRPUSDT,1598288978.0,1.3652,7.4,,,False,343.82826729206386,0.9986928324753465,51.691687481799505,-0.12434517310602329,0.104,0.9999999044851515,25669.15175166882,13.315624420015043,2026-03-27 03:49:26.645000
XRPUSDT,1598288979.0,1.3652,1.1,,,False,344.0209253461574,0.9986960706624656,51.70150097546195,-0.12413038792811787,0.104,0.999999904512699,66.32883462403366,13.320588508289665,2026-03-27 03:49:26.645000
XRPUSDT,1598288980.0,1.3652,3.9,,,False,344.21361942344936,0.9986993008382173,51.71131231929588,-0.12391594196033734,1.357,0.9999999045403194,66.38832814691526,13.325554680569383,2026-03-27 03:49:28.002000
XRPUSDT,1598288981.0,1.3652,3.9,,,False,344.4064019938408,0.9987025230223707,51.721121582787276,-0.12373538997406053,1.357,0.9999999045681313,56.03403706370517,13.33052085051823,2026-03-27 03:49:28.002000
XRPUSDT,1598288982.0,1.3652,3.9,,,False,344.5992204838829,0.9987057372346456,51.730928699547846,-0.12352142528931079,1.357,0.9999999045959806,66.56831175123,13.335487018139869,2026-03-27 03:49:28.002000
XRPUSDT,1598288983.0,1.3652,1.6,,,False,344.79207488692526,0.9987089434947137,51.740733671350256,-0.12330779442095866,1.357,0.9999999046238671,66.6293013710394,13.340453183439786,2026-03-27 03:49:28.002000
XRPUSDT,1598288984.0,1.3652,95.1,,,False,344.98496519637007,0.9987121418221987,51.7505364999647,-0.1230944969780435,2.893,0.9999999046517875,66.69030733025224,13.34542188102359,2026-03-27 03:49:30.895000
XRPUSDT,1598288985.0,1.3652,8.0,,,False,345.17795534132745,0.9987153322366756,51.76033726884133,-0.1229221084699042,0.615,0.999999904679891,54.03326413710948,13.350386818476077,2026-03-27 03:49:31.510000
XRPUSDT,1598288986.0,1.3652,83.3,,,False,345.3708865936463,0.9987185147576716,51.77013577686195,-0.12264928163564501,1.755,0.999999904707771,85.726640800048,13.355353630838668,2026-03-27 03:49:33.265000
XRPUSDT,1598288987.0,1.3651,440.2,,,True,345.4351380798508,0.9987185147576716,51.779768313870214,-0.04097683948682528,1.707,0.9999999046682234,,13.360320359689279,2026-03-27 03:49:34.972000
XRPUSDT,1598288988.0,1.3652,9.0,,,False,345.7569494270335,0.9987248561970907,51.789726499091984,-0.20364325826125848,4.822,0.9999999047638801,-25651.340022841792,13.365292207422195,2026-03-27 03:49:39.794000
XRPUSDT,1598288989.0,1.3652,7.9,,,False,345.9501627722035,0.9987280151543289,51.799518819681886,-0.12212335735340868,0.302,0.9999999047922651,25805.95264918201,13.370256629971133,2026-03-27 03:49:40.096000
XRPUSDT,1598288990.0,1.3652,8.6,,,False,346.1432247598841,0.9987311662957168,51.80930877050374,-0.12179401970165783,1.156,0.9999999048201617,104.51376539678866,13.3752224485128,2026-03-27 03:49:41.252000
XRPUSDT,1598288991.0,1.3651,30.0,,,True,346.2074991081734,0.9987311662957168,51.81893423694199,-0.040678067990982586,0.485,0.9999999047807686,,13.380187171279182,2026-03-27 03:49:41.737000
XRPUSDT,1598288992.0,1.3652,21.6,,,False,346.5294992614435,0.9987374452080493,51.828882336043094,-0.2022047192017135,0.286,0.9999999048762237,-25725.259831119412,13.385151572182245,2026-03-27 03:49:42.023000
XRPUSDT,1598288993.0,1.3652,3.9,,,False,346.7226683852369,0.9987405730174294,51.83866589965871,-0.12116208249095578,1.301,0.9999999049042851,25910.35030061266,13.390117622486393,2026-03-27 03:49:43.324000
XRPUSDT,1598288994.0,1.3652,3.9,,,False,346.915915042663,0.9987436930878302,51.84844739001285,-0.12097820899829927,1.301,0.9999999049325068,58.93248197483753,13.39508367072561,2026-03-27 03:49:43.324000
XRPUSDT,1598288995.0,1.3652,3.8,,,False,347.1091975382424,0.9987468054383515,51.8582267565023,-0.12076855979359341,1.301,0.9999999049607644,67.36040920541431,13.400049716903608,2026-03-27 03:49:43.324000
XRPUSDT,1598288996.0,1.3652,3.9,,,False,347.3025158653784,0.9987499100880468,51.868004000866485,-0.12055923891150551,1.301,0.9999999049890596,67.42173920710692,13.405015761025686,2026-03-27 03:49:43.324000
XRPUSDT,1598288997.0,1.3652,3.7,,,False,347.4958700175143,0.9987530070559222,51.87777912484243,-0.12035024595588793,1.301,0.9999999050173904,67.48308798409106,13.40998180309709,2026-03-27 03:49:43.324000
XRPUSDT,1598288998.0,1.3652,742.7,,,False,347.6892599880968,0.998756096360937,51.88755213016455,-0.1201415805081801,1.301,0.999999905045758,67.5444628186515,13.414947843123208,2026-03-27 03:49:43.324000
XRPUSDT,1598288999.0,1.3652,400.0,,,False,347.88268577057653,0.9987591780220041,51.897323018564855,-0.11993324215016699,1.301,0.9999999050741615,67.60586368077917,13.419913881109194,2026-03-27 03:49:43.324000
XRPUSDT,1598289000.0,1.3652,200.0,,,False,348.07614735840764,0.9987622520579907,51.90709179177279,-0.11972523046366695,1.301,0.9999999051026001,67.66729062489713,13.424879917060341,2026-03-27 03:49:43.324000
XRPUSDT,1598289001.0,1.3652,3657.3,,,False,348.2696447450475,0.9987653184877164,51.9168584515153,-0.1195175450309398,0.001,0.9999999051310754,67.7287436222118,13.429843868076357,2026-03-27 03:49:43.325000
XRPUSDT,1598289002.0,1.3652,3.9,,,False,348.4631252473853,0.9987683773299556,51.926622934993475,-0.11927782827749345,0.001,0.9999999051594666,78.36845927418202,13.434807821448373,2026-03-27 03:49:43.325000
XRPUSDT,1598289003.0,1.3652,3.9,,,False,348.6566416262379,0.998771428603436,51.93638530888292,-0.11907097409819459,0.001,0.9999999051879283,67.7927365819919,13.439771777174116,2026-03-27 03:49:43.325000
XRPUSDT,1598289004.0,1.3652,3.9,,,False,348.8501938749442,0.9987744723268397,51.94614557490091,-0.11886444418390567,0.001,0.9999999052164606,67.85436352107608,13.444735735250994,2026-03-27 03:49:43.325000
XRPUSDT,1598289005.0,1.3652,3.9,,,False,349.04378198684697,0.9987775085188024,51.95590373476233,-0.11865823812047738,0.001,0.999999905245063,67.916016496704,13.449699695676221,2026-03-27 03:49:43.325000
XRPUSDT,1598289006.0,1.3652,3.7,,,False,349.2374059552925,0.9987805371979147,51.96565979017955,-0.11845235549389642,0.001,0.9999999052737352,67.9776955392951,13.454663658447197,2026-03-27 03:49:43.325000
XRPUSDT,1598289007.0,1.3652,3.9,,,False,349.4310657736309,0.998783558382721,51.9754137428625,-0.11824679589050135,0.001,0.9999999053024773,68.03940062337567,13.45962762356171,2026-03-27 03:49:43.325000
XRPUSDT,1598289008.0,1.3653,3.7,,,False,349.7540264498596,0.9987895783433661,51.98532140229183,-0.19625628965794847,0.208,0.9999999053979889,-12958.47238322211,13.464591918796879,2026-03-27 03:49:43.533000
XRPUSDT,1598289009.0,1.3653,7.4,,,False,349.9477901052451,0.9987925771560671,51.99507080797269,-0.11760804794426148,0.208,0.9999999054268478,26226.460121726373,13.469556214988353,2026-03-27 03:49:43.533000
XRPUSDT,1598289010.0,1.3653,107.6,,,False,350.14158955749883,0.9987955685481859,52.00481811675382,-0.11740380078891087,0.208,0.9999999054557704,68.27829560280256,13.474520512828422,2026-03-27 03:49:43.533000
XRPUSDT,1598289011.0,1.3653,4.1,,,False,350.3354248144091,0.9987985525380408,52.01456333035125,-0.11719988330790371,0.208,0.9999999054847551,68.33718977506453,13.479484812315624,2026-03-27 03:49:43.533000
XRPUSDT,1598289012.0,1.3653,3.9,,,False,350.52929586936716,0.9988015291439044,52.02430645046118,-0.11699628636319241,0.208,0.9999999055138034,68.39902695990523,13.484449113449012,2026-03-27 03:49:43.533000
XRPUSDT,1598289013.0,1.3653,3.9,,,False,350.72320271576814,0.9988044983840051,52.03404747877745,-0.1167930095425942,0.208,0.9999999055429132,68.46089022965914,13.489413416226865,2026-03-27 03:49:43.533000
XRPUSDT,1598289014.0,1.3653,3.9,,,False,350.9171453470107,0.9988074602765256,52.043786416991416,-0.11659005243430544,0.208,0.9999999055720855,68.52277956951428,13.494377720648085,2026-03-27 03:49:43.533000
XRPUSDT,1598289015.0,1.3653,73.2,,,False,351.1111237564973,0.9988104148396053,52.05352326679202,-0.11638741462684915,0.208,0.9999999056013186,68.58469492332046,13.499342026711052,2026-03-27 03:49:43.533000
XRPUSDT,1598289016.0,1.3653,73.2,,,False,351.305137937634,0.9988133620913376,52.06325802986579,-0.11618509570889905,0.208,0.9999999056306139,68.64663636654305,13.504306334414656,2026-03-27 03:49:43.533000
XRPUSDT,1598289017.0,1.3653,2375.4,,,False,351.4991878838303,0.9988163020497725,52.07299070789682,-0.11598309526940895,0.208,0.9999999056599699,68.70860386945714,13.509270643757521,2026-03-27 03:49:43.533000
XRPUSDT,1598289018.0,1.3653,3.9,,,False,351.6932735884997,0.9988192347329148,52.082721302566796,-0.1157814128976062,0.208,0.9999999056893867,68.77059744081642,13.514234954738088,2026-03-27 03:49:43.533000
XRPUSDT,1598289019.0,1.3653,3.9,,,False,351.8873950450591,0.9988221601587258,52.09244981555501,-0.11558004818303837,0.208,0.9999999057188639,68.83261705284593,13.519199267355594,2026-03-27 03:49:43.533000
XRPUSDT,1598289020.0,1.3653,3.9,,,False,352.08155224692916,0.9988250783451225,52.10217624853831,-0.11537900071538987,0.208,0.9999999057484019,68.89466275357536,13.524163581608049,2026-03-27 03:49:43.533000
XRPUSDT,1598289021.0,1.3653,3.8,,,False,352.2757451875341,0.9988279893099774,52.11190060319118,-0.11517827008474484,0.208,0.9999999057779995,68.9567345013908,13.529127897494476,2026-03-27 03:49:43.533000
XRPUSDT,1598289022.0,1.3653,1164.1,,,False,352.4699738603017,0.9988308930711198,52.121622881185694,-0.11497785588132398,0.208,0.9999999058076566,69.01883233187029,13.534092215013503,2026-03-27 03:49:43.533000
XRPUSDT,1598289023.0,1.3653,3835.9,,,False,352.66423825866366,0.9988337896463344,52.13134308419152,-0.11477775769576541,0.208,0.9999999058373731,69.0809562105868,13.539056534163716,2026-03-27 03:49:43.533000
XRPUSDT,1598289024.0,1.3653,3.7,,,False,352.85853837605504,0.9988366790533628,52.14106121387596,-0.11457797511885587,0.208,0.999999905867149,69.14310616147584,13.544020854944021,2026-03-27 03:49:43.533000
XRPUSDT,1598289025.0,1.3653,3.9,,,False,353.0528742059145,0.998839561309903,52.1507772719039,-0.11437850774164002,0.208,0.9999999058969832,69.20528219217698,13.548985177352765,2026-03-27 03:49:43.533000
XRPUSDT,1598289026.0,1.3653,3.9,,,False,353.24724574168454,0.9988424364336091,52.160491259937864,-0.11417935515545133,0.208,0.9999999059268765,69.26748430517043,13.55394950138904,2026-03-27 03:49:43.533000
XRPUSDT,1598289027.0,1.3653,3.7,,,False,353.4416529768111,0.9988453044420923,52.17020317963802,-0.11398051695207438,0.208,0.9999999059568274,69.32971242773615,13.558913827050947,2026-03-27 03:49:43.533000
XRPUSDT,1598289028.0,1.3654,3.7,,,False,353.7658372107595,0.9988510191836166,52.180061489838046,-0.18916160128958986,0.002,0.999999906052678,-13155.640376281815,13.563877839959074,2026-03-27 03:49:43.535000
XRPUSDT,1598289029.0,1.3654,51.0,,,False,353.96033159809116,0.9988538659516639,52.18976892865788,-0.11335349188944333,0.002,0.9999999060826869,26629.53501681555,13.56884185514613,2026-03-27 03:49:43.535000
XRPUSDT,1598289030.0,1.3654,145.3,,,False,354.1548616744922,0.9988567056745004,52.19947430493768,-0.1131559914784998,0.002,0.9999999061127581,69.54918571966184,13.573805872616761,2026-03-27 03:49:43.535000
XRPUSDT,1598289031.0,1.3654,800.0,,,False,354.34942743354026,0.9988595383695211,52.20917762032628,-0.11295880326488722,0.002,0.9999999061428925,69.61152265480868,13.578769892367877,2026-03-27 03:49:43.535000
XRPUSDT,1598289032.0,1.3654,400.0,,,False,354.54402886868155,0.9988623640540795,52.21887887647001,-0.11276192676423741,0.002,0.9999999061730888,69.67391320054936,13.583733914397245,2026-03-27 03:49:43.535000
XRPUSDT,1598289033.0,1.3654,1135.1,,,False,354.7386659733664,0.9988651827454854,52.22857807501288,-0.1125653615706126,0.001,0.9999999062033463,69.7363298479614,13.588697937192102,2026-03-27 03:49:43.536000
XRPUSDT,1598289034.0,1.3654,5.5,,,False,354.93333870258715,0.9988679944610067,52.23827521755319,-0.11236908515753219,0.001,0.9999999062336655,69.80663996535495,13.593661962263203,2026-03-27 03:49:43.536000
XRPUSDT,1598289035.0,1.3654,7.4,,,False,355.1280470883292,0.9988707992178685,52.247970305773876,-0.11217314148510063,0.001,0.9999999062640457,69.86119727626024,13.598625989608209,2026-03-27 03:49:43.536000
XRPUSDT,1598289036.0,1.3654,4.1,,,False,355.3227911240535,0.9988735970332536,52.25766334131189,-0.11197750790326763,0.001,0.9999999062944863,69.9236922034125,13.603590019224766,2026-03-27 03:49:43.536000
XRPUSDT,1598289037.0,1.3654,3.9,,,False,355.5175708032243,0.998876387924303,52.267354325801875,-0.11178218400715956,0.001,0.9999999063249879,69.98621323887478,13.608554051110035,2026-03-27 03:49:43.536000
XRPUSDT,1598289038.0,1.3654,3.9,,,False,355.71238611931,0.9988791719081146,52.27704326087614,-0.11158716939246076,0.001,0.9999999063555495,70.04876030049363,13.613518085261877,2026-03-27 03:49:43.536000
XRPUSDT,1598289039.0,1.3654,3.9,,,False,355.9072370657821,0.9988819490017452,52.28673014816468,-0.11139246365483763,0.001,0.9999999063861708,70.11133347354247,13.618482121677674,2026-03-27 03:49:43.536000
XRPUSDT,1598289040.0,1.3654,150.0,,,False,356.1021236361157,0.9988847192222094,52.29641498929515,-0.11119806639033675,0.001,0.9999999064168519,70.17393272848518,13.62344616035502,2026-03-27 03:49:43.536000
XRPUSDT,1598289041.0,1.3654,2450.8,,,False,356.29704582379,0.99888748258648,52.30609778589292,-0.11100397719536868,0.001,0.999999906447593,70.23655803857696,13.62841020129137,2026-03-27 03:49:43.536000
XRPUSDT,1598289042.0,1.3654,3.7,,,False,356.4920036222872,0.9988902391114876,52.315778539581025,-0.11081019566647853,0.001,0.9999999064783929,70.29920946006135,13.633374244484264,2026-03-27 03:49:43.536000
XRPUSDT,1598289043.0,1.3654,3.9,,,False,356.68699702509343,0.998892988814122,52.325457251980225,-0.11061672140061676,0.001,0.999999906509251,70.3618869313562,13.638338289931115,2026-03-27 03:49:43.536000
XRPUSDT,1598289044.0,1.3654,3.8,,,False,356.88202602569834,0.9988957317112307,52.33513392470892,-0.11042355399493807,0.001,0.999999906540168,70.42459050631287,13.643302337629903,2026-03-27 03:49:43.536000
XRPUSDT,1598289045.0,1.3654,3.9,,,False,357.0770906175948,0.9988984678196204,52.344808559383296,-0.11023069304685701,0.001,0.9999999065711431,70.48732016754973,13.648266387577557,2026-03-27 03:49:43.536000
XRPUSDT,1598289046.0,1.3654,3.9,,,False,357.2721907942798,0.9989011971560561,52.35448115761714,-0.11003813815414604,0.001,0.9999999066021765,70.55007590740155,13.653230439772098,2026-03-27 03:49:43.536000
XRPUSDT,1598289047.0,1.3654,3.9,,,False,357.4673265492537,0.9989039197372617,52.364151721022054,-0.10984588891486258,0.001,0.9999999066332673,70.61285771327461,13.658194494210996,2026-03-27 03:49:43.536000
XRPUSDT,1598289048.0,1.3654,3.9,,,False,357.66249787602027,0.9989066355799198,52.37382025120729,-0.10965394492726381,0.001,0.9999999066644155,70.67566562685276,13.663158550891554,2026-03-27 03:49:43.536000
XRPUSDT,1598289049.0,1.3655,3.7,,,False,357.98794430542983,0.9989120471161201,52.383627874615314,-0.18197413858911188,0.002,0.9999999067605542,-13364.078328972202,13.668122611281401,2026-03-27 03:49:43.538000
XRPUSDT,1598289050.0,1.3655,3.9,,,False,358.18321047162067,0.998914742842823,52.39329201972682,-0.10905345651375478,0.002,0.9999999067917759,27050.47288285962,13.673086673898867,2026-03-27 03:49:43.538000
XRPUSDT,1598289051.0,1.3655,5.5,,,False,358.37851218563856,0.9989174318973006,52.402954137162574,-0.1088627853117629,0.002,0.9999999068230545,70.90641099948449,13.6780507387476,2026-03-27 03:49:43.538000
XRPUSDT,1598289052.0,1.3655,7.4,,,False,358.5738494411346,0.9989201142960314,52.412614228521285,-0.10867241731610414,0.002,0.999999906854389,70.9693132019292,13.683014805825513,2026-03-27 03:49:43.538000
XRPUSDT,1598289053.0,1.3655,99.9,,,False,358.7692222316329,0.9989227900554536,52.42227229539923,-0.10848235205422219,0.002,0.9999999068857792,71.03226856234686,13.687978875130023,2026-03-27 03:49:43.538000
XRPUSDT,1598289054.0,1.3655,4.1,,,False,358.964630550661,0.998925459191965,52.43192833939045,-0.10829258912660443,0.002,0.9999999069172254,71.0952500216878,13.692942946658702,2026-03-27 03:49:43.538000
XRPUSDT,1598289055.0,1.3655,190.6,,,False,359.16007439175024,0.9989281217219226,52.441582362086706,-0.10810312813415789,0.002,0.9999999069487268,71.15825754535511,13.69790702040924,2026-03-27 03:49:43.538000
XRPUSDT,1598289056.0,1.3654,19.2,,,True,359.2251485569987,0.9989281217219226,52.451095489419416,-0.0361069036331603,1.208,0.9999999069156321,,13.702872842287425,2026-03-27 03:49:44.746000
XRPUSDT,1598289057.0,1.3654,32.9,,,True,359.42068445175704,0.9989307776616441,52.460745840227894,-0.10796471890454354,2.777,0.9999999069473865,-27055.51435903668,13.707840938640823,2026-03-27 03:49:47.523000
XRPUSDT,1598289058.0,1.3655,5.0,,,False,359.7467664709717,0.9989360698354462,52.47053247438888,-0.17918562193577725,0.658,0.9999999070438712,-13457.778541178914,13.712805965671626,2026-03-27 03:49:48.181000
XRPUSDT,1598289059.0,1.3655,40.9,,,False,359.9423765864425,0.9989387061019613,52.48017845299477,-0.10736140149314255,3.5,0.9999999070755574,27244.67349244276,13.717775085147405,2026-03-27 03:49:51.681000
XRPUSDT,1598289060.0,1.3654,5.0,,,True,360.00762718049265,0.9989387061019613,52.48968492290106,-0.03592545588400784,2.22,0.9999999070430345,,13.722742354267188,2026-03-27 03:49:53.901000
XRPUSDT,1598289061.0,1.3654,87.5,,,True,360.2033419883859,0.9989413358431084,52.49932725183012,-0.10723051784004978,1.936,0.9999999070749088,-27114.85958823015,13.727709217185414,2026-03-27 03:49:55.837000
XRPUSDT,1598289062.0,1.3655,12.2,,,False,360.52962883365734,0.9989465758137295,52.50910453315952,-0.1779160200740206,0.326,0.9999999071711702,-13489.675295066167,13.732673765322323,2026-03-27 03:49:56.163000
XRPUSDT,1598289063.0,1.3655,73.3,,,False,360.725368452895,0.9989491860753198,52.5187424537251,-0.10660420660414321,4.848,0.9999999072028585,27319.795737852997,13.737644782655543,2026-03-27 03:50:01.011000
XRPUSDT,1598289064.0,1.3655,178.0,,,False,360.9213092534791,0.9989517898757747,52.52837853996633,-0.1065071766251543,2.04,0.9999999072349737,37.264752299193724,13.742611777591106,2026-03-27 03:50:03.051000
XRPUSDT,1598289065.0,1.3655,3.9,,,False,361.11718243259895,0.9989543872310541,52.538012512572635,-0.10626462026737529,2.04,0.9999999072667982,93.38589899572634,13.747578768574357,2026-03-27 03:50:03.051000
XRPUSDT,1598289066.0,1.3655,3.9,,,False,361.31309093276536,0.998956978157078,52.54764448073138,-0.10607822950069898,2.04,0.9999999072986321,71.93982574625214,13.75254575561938,2026-03-27 03:50:03.051000
XRPUSDT,1598289067.0,1.3655,73.2,,,False,361.5090347478662,0.9989595626697277,52.557274446010354,-0.10589213690331101,2.04,0.9999999073304733,72.00297410173201,13.757512738734322,2026-03-27 03:50:03.051000
XRPUSDT,1598289068.0,1.3655,73.2,,,False,361.7050138716677,0.9989621407848454,52.566902409974965,-0.10570634200888655,2.04,0.9999999073623226,72.06617468520123,13.762479717928324,2026-03-27 03:50:03.051000
XRPUSDT,1598289069.0,1.3655,3.9,,,False,361.9010282979393,0.9989647125182337,52.5765283741884,-0.10552084441903772,2.04,0.9999999073941805,72.1294013946568,13.76744669320952,2026-03-27 03:50:03.051000
XRPUSDT,1598289070.0,1.3655,3.9,,,False,362.097078020454,0.9989672778856575,52.58615234021166,-0.10533564373562056,2.04,0.9999999074260468,72.19265423630301,13.772413664587276,2026-03-27 03:50:03.051000
XRPUSDT,1598289071.0,1.3655,3.9,,,False,362.2931630329879,0.9989698369028415,52.59577430960353,-0.1051507395608351,2.04,0.9999999074579204,72.25593323340111,13.777380632070102,2026-03-27 03:50:03.051000
XRPUSDT,1598289072.0,1.3655,3.7,,,False,362.48928332932036,0.998972389585473,52.605394283920596,-0.10496613149719568,2.04,0.9999999074898028,72.3192383423061,13.782347595666325,2026-03-27 03:50:03.051000
XRPUSDT,1598289073.0,1.3655,4.4,,,False,362.685438903234,0.9989749359492002,52.61501226471723,-0.10478181914739723,2.04,0.9999999075216938,72.3825696341495,13.787314555384835,2026-03-27 03:50:03.051000
XRPUSDT,1598289074.0,1.3655,2319.7,,,False,362.881629748515,0.9989774760096323,52.62462825354565,-0.10459780211466795,2.04,0.999999907553592,72.44592703537202,13.792281511234227,2026-03-27 03:50:03.051000
XRPUSDT,1598289075.0,1.3655,3.9,,,False,363.0778558589523,0.9989800097823409,52.63424225195585,-0.10441408000228866,2.04,0.9999999075854985,72.5093106229942,13.797248463223097,2026-03-27 03:50:03.051000
XRPUSDT,1598289076.0,1.3655,3106.3,,,False,363.2741172283384,0.9989825372828592,52.64385426149564,-0.10423065241412552,2.04,0.9999999076174141,72.57272029555052,13.802215411360006,2026-03-27 03:50:03.051000
XRPUSDT,1598289077.0,1.3655,84.8,,,False,363.4704138504691,0.9989850585266814,52.65346428371069,-0.1040475189541213,7.856,0.9999999076493367,72.6361561680143,13.80719047373574,2026-03-27 03:50:10.907000
XRPUSDT,1598289078.0,1.3655,23.0,,,False,363.6669542880876,0.9989875735292646,52.66307253021469,-0.10397462104767312,0.595,0.9999999076817455,28.985221301704414,13.812155397860954,2026-03-27 03:50:11.502000
XRPUSDT,1598289079.0,1.3655,22.5,,,False,363.8632696213663,0.998990082306027,52.672678529868804,-0.10365468000967949,3.315,0.9999999077134423,127.52869955711216,13.817124105709023,2026-03-27 03:50:14.817000
XRPUSDT,1598289080.0,1.3655,3.7,,,False,364.05971751583263,0.9989925848723495,52.68228264462369,-0.10352363756145283,0.047,0.9999999077454,52.36322691960965,13.82208826846249,2026-03-27 03:50:14.864000
XRPUSDT,1598289081.0,1.3655,5.0,,,False,364.2560839147781,0.998995081243575,52.69188466129686,-0.10328041314015585,6.616,0.9999999077770736,97.43119085094885,13.82706153811291,2026-03-27 03:50:21.480000
XRPUSDT,1598289082.0,1.3655,12.1,,,False,364.45271975771783,0.9989975714350084,52.70148493227511,-0.10322139983528714,5.339,0.9999999078093325,23.698300489984042,13.832033023697942,2026-03-27 03:50:26.819000
XRPUSDT,1598289083.0,1.3654,5.0,,,True,364.51830291330344,0.9989975714350084,52.71095265868633,-0.034535022728922476,0.382,0.9999999077778391,,13.836997649197386,2026-03-27 03:50:27.201000
XRPUSDT,1598289084.0,1.3655,99.0,,,False,364.8458293329846,0.9990025333395312,52.720679273364645,-0.17113917584006205,3.402,0.9999999078730003,-27530.58880638898,13.841966449677123,2026-03-27 03:50:30.603000
XRPUSDT,1598289085.0,1.3655,3.7,,,False,365.04245616623626,0.9990050050830427,52.73027349941914,-0.10261781078741469,0.125,0.9999999079048916,27721.875159337134,13.846930722291525,2026-03-27 03:50:30.728000
XRPUSDT,1598289086.0,1.3654,495.4,,,True,365.1078891266182,0.9990050050830427,52.73973601361454,-0.03425640714693363,0.454,0.999999907873058,,13.851895448507614,2026-03-27 03:50:31.182000
XRPUSDT,1598289087.0,1.3654,3.9,,,True,365.30445826597634,0.9990074707076068,52.749326488538415,-0.1024074328529812,0.454,0.9999999079047778,-27640.47158641032,13.85686017690298,2026-03-27 03:50:31.182000
XRPUSDT,1598289088.0,1.3654,3.9,,,True,365.5010627205074,0.9990099302283412,52.75891499272357,-0.10222734652788949,0.454,0.99999990793654,73.2200881953106,13.861824906154643,2026-03-27 03:50:31.182000
XRPUSDT,1598289089.0,1.3654,3.9,,,True,365.6977024557849,0.9990123836603262,52.768501527661556,-0.10204753479603523,0.454,0.9999999079683433,73.28987840396026,13.866789636262132,2026-03-27 03:50:31.182000
XRPUSDT,1598289090.0,1.3654,3.9,,,True,365.89437746550055,0.9990148310186056,52.7780860948696,-0.10186801189020243,0.454,0.9999999080001878,73.35374936571236,13.87175436722602,2026-03-27 03:50:31.182000
XRPUSDT,1598289091.0,1.3654,275.6,,,True,366.0910877433491,0.9990172723181854,52.787668695862855,-0.10168877742082452,0.454,0.9999999080320735,73.41764642860986,13.87671909904594,2026-03-27 03:50:31.182000
XRPUSDT,1598289092.0,1.3655,7.3,,,False,366.4190871073928,0.9990221368010873,52.797377180227684,-0.16874707341692116,3.343,0.9999999081271979,-13785.287634464958,13.881687767755817,2026-03-27 03:50:34.525000
XRPUSDT,1598289093.0,1.3655,4.2,,,False,366.6159927338807,0.9990245600142379,52.80695565814129,-0.10118051606727772,2.365,0.9999999081593561,27883.043360596595,13.88665509214958,2026-03-27 03:50:36.890000
XRPUSDT,1598289094.0,1.3655,38.2,,,False,366.8128990339615,0.9990269772283462,52.816532141083385,-0.1009846146364954,1.589,0.9999999081914168,81.04430224369452,13.891621360678368,2026-03-27 03:50:38.479000
XRPUSDT,1598289095.0,1.3655,12.0,,,False,367.00981337088666,0.9990293884582345,52.826106637925974,-0.10079286167470033,0.43,0.9999999082234162,79.5249605708135,13.896586059504305,2026-03-27 03:50:38.909000
XRPUSDT,1598289096.0,1.3655,97.4,,,False,367.2067224817418,0.999031793718689,52.83567913759891,-0.1005947277946344,0.411,0.9999999082553412,82.3752287189349,13.901550733611025,2026-03-27 03:50:39.320000
XRPUSDT,1598289097.0,1.3655,9.7,,,False,367.4036661592036,0.99903419302446,52.84524968013492,-0.10041721939827017,0.35,0.9999999082873043,73.9832323638825,13.906515326501676,2026-03-27 03:50:39.670000
XRPUSDT,1598289098.0,1.3655,7.3,,,False,367.60064294016985,0.99903658639026,52.854818265641185,-0.10023925947491936,3.205,0.9999999083193046,74.35550526510845,13.911483760985819,2026-03-27 03:50:42.875000
XRPUSDT,1598289099.0,1.3655,50.0,,,False,367.79775396428363,0.9990389738307671,52.864384992337186,-0.10011277825959,0.678,0.9999999083515716,52.97774539508917,13.916448795257176,2026-03-27 03:50:43.553000
XRPUSDT,1598289100.0,1.3655,6.8,,,False,367.99481251980365,0.9990413553606219,52.87394968294349,-0.0998919855437674,1.3,0.9999999083836236,92.71045474431651,13.921414663496675,2026-03-27 03:50:44.853000
XRPUSDT,1598289101.0,1.3655,6.2,,,False,368.1919277684862,0.9990437309944297,52.88351244343705,-0.09972676861624571,0.984,0.9999999084157595,69.54646249788344,13.9263801073676,2026-03-27 03:50:45.837000
XRPUSDT,1598289102.0,1.3655,400.0,,,False,368.3890672522843,0.9990461007467591,52.89307324435874,-0.09954544461338855,0.707,0.9999999084478927,76.51601418493723,13.93134518060744,2026-03-27 03:50:46.544000
XRPUSDT,1598289103.0,1.3655,131.8,,,False,368.5862323454784,0.9990484646321441,52.90263208858174,-0.09936512944794695,0.707,0.9999999084800324,76.2791489749588,13.936310253993382,2026-03-27 03:50:46.544000
XRPUSDT,1598289104.0,1.3654,30.0,,,True,368.6518971204284,0.9990484646321441,52.912064618306935,-0.033196753730660514,2.973,0.9999999084494875,,13.941278342168275,2026-03-27 03:50:49.517000
XRPUSDT,1598289105.0,1.3655,12.9,,,False,368.9807458440285,0.9990531748600338,52.9217440134779,-0.16496555125823684,1.669,0.9999999085445911,-27975.03658328263,13.946244697657088,2026-03-27 03:50:51.186000
XRPUSDT,1598289106.0,1.3654,69.5,,,True,369.04646711538015,0.9990531748600338,52.93117325727479,-0.0330963186077621,1.023,0.9999999085142253,,13.951210188591649,2026-03-27 03:50:52.209000
XRPUSDT,1598289107.0,1.3655,5.0,,,False,369.3753659742751,0.9990578617936507,52.940848133206174,-0.16435057604930187,2.574,0.9999999086090994,-28004.291967281628,13.956177739998216,2026-03-27 03:50:54.783000
XRPUSDT,1598289108.0,1.3655,18.3,,,False,369.5727707197815,0.9990601965610617,52.950397321136485,-0.09852354711036534,0.856,0.9999999086414828,28194.255509094353,13.961143008501931,2026-03-27 03:50:55.639000
XRPUSDT,1598289109.0,1.3655,12.0,,,False,369.7701517439735,0.9990625255479789,52.95994451516417,-0.09832040926005892,0.721,0.9999999086737295,87.22155062585426,13.966108098637061,2026-03-27 03:50:56.360000
XRPUSDT,1598289110.0,1.3655,4.6,,,False,369.9675632922213,0.9990648487686876,52.969489767648405,-0.09814459755065134,3.239,0.9999999087059959,75.67585324511133,13.971076505044197,2026-03-27 03:50:59.599000
XRPUSDT,1598289111.0,1.3655,816.2,,,False,370.1650955667341,0.999067166237437,52.97903316381604,-0.09801367941334664,0.275,0.9999999087384907,56.491867405597716,13.97604100790326,2026-03-27 03:50:59.874000
XRPUSDT,1598289112.0,1.3655,759.4,,,False,370.36256220047454,0.9990694779684411,52.98857453201334,-0.09779083478640963,0.275,0.9999999087707396,96.39729991690251,13.981005512126888,2026-03-27 03:50:59.874000
XRPUSDT,1598289113.0,1.3655,1936.9,,,False,370.56006397110644,0.9990717839758803,52.998113967478105,-0.09761819526869639,0.275,0.9999999088030291,74.86511742550542,13.98597001771455,2026-03-27 03:50:59.874000
XRPUSDT,1598289114.0,1.3655,3.9,,,False,370.7576008724032,0.9990740842738979,53.007651471676,-0.09744583476229857,0.275,0.9999999088353607,74.92964175835976,13.990934524665347,2026-03-27 03:50:59.874000
XRPUSDT,1598289115.0,1.3655,3.9,,,False,370.95517289812636,0.9990763788766046,53.01718704607068,-0.09727375287824624,0.275,0.9999999088677324,74.99419553000922,13.995899032978592,2026-03-27 03:50:59.874000
XRPUSDT,1598289116.0,1.3655,3.9,,,False,371.15278004204083,0.9990786677980749,53.02672069212377,-0.09710194923565513,0.275,0.9999999089001449,75.0587754206889,14.000863542653141,2026-03-27 03:50:59.874000
XRPUSDT,1598289117.0,1.3655,3.9,,,False,371.35042229791463,0.9990809510523491,53.03625241129485,-0.09693042345382066,0.275,0.9999999089325978,75.12338147016759,14.005828053688534,2026-03-27 03:50:59.874000
XRPUSDT,1598289118.0,1.3655,3.9,,,False,371.54809965951944,0.9990832286534329,53.04578220504152,-0.0967591751524109,0.275,0.9999999089650911,75.1880136624755,14.010792566083342,2026-03-27 03:50:59.874000
XRPUSDT,1598289119.0,1.3655,3.9,,,False,371.74581212063,0.9990855006152976,53.05531007481931,-0.09658820395140452,0.275,0.9999999089976238,75.25267200440125,14.015757079837197,2026-03-27 03:50:59.874000
XRPUSDT,1598289120.0,1.3655,3.7,,,False,371.9435596750244,0.9990877669518798,53.06483602208176,-0.09641750947110568,0.275,0.9999999090301968,75.31735649182373,14.020721594948967,2026-03-27 03:50:59.874000
XRPUSDT,1598289121.0,1.3655,5.5,,,False,372.14134231648416,0.9990900276770825,53.07436004828039,-0.09624709133209243,0.275,0.9999999090628094,75.38206713897104,14.025686111417743,2026-03-27 03:50:59.874000
XRPUSDT,1598289122.0,1.3655,1019.6,,,False,372.339160038794,0.9990922828047736,53.08388215486475,-0.0960769491552971,0.275,0.9999999090954609,75.44680395350142,14.030650629243038,2026-03-27 03:50:59.874000
XRPUSDT,1598289123.0,1.3655,1844.1,,,False,372.5370128357419,0.9990945323487875,53.09340234328235,-0.09590708256209705,0.275,0.9999999091281522,75.51156685368528,14.035615148423453,2026-03-27 03:50:59.874000
XRPUSDT,1598289124.0,1.3655,8.0,,,False,372.73490070111933,0.999096776322924,53.10292061497867,-0.0957374911739397,0.275,0.9999999091608822,75.57635598303786,14.040579668958681,2026-03-27 03:50:59.874000
XRPUSDT,1598289125.0,1.3655,1137.0,,,False,372.9328236287207,0.9990990147409493,53.11243697139727,-0.0955681746128263,0.275,0.9999999091936506,75.64117122094545,14.045544190847071,2026-03-27 03:50:59.874000
XRPUSDT,1598289126.0,1.3655,795.9,,,False,373.1307816123442,0.9991012476165954,53.12195141397967,-0.09539913250092846,0.001,0.9999999092264579,75.70601264657559,14.05050836329905,2026-03-27 03:50:59.875000
XRPUSDT,1598289127.0,1.3655,1000.0,,,False,373.3287655633548,0.999103474963561,53.13146393606358,-0.09522601166453867,0.001,0.999999909259283,77.72513176442605,14.055472537847244,2026-03-27 03:50:59.875000
XRPUSDT,1598289128.0,1.3655,3.9,,,False,373.52678457396695,0.9991056967955104,53.14097454724271,-0.09505754191504617,0.001,0.9999999092921507,75.82470381536855,14.060436714489118,2026-03-27 03:50:59.875000
XRPUSDT,1598289129.0,1.3655,3.7,,,False,373.72483863796435,0.999107913126075,53.150483248952334,-0.09488934538059986,0.001,0.9999999093250624,75.8896426058868,14.065400893222735,2026-03-27 03:50:59.875000
XRPUSDT,1598289130.0,1.3655,3.7,,,False,373.92292774913517,0.9991101239688519,53.15999004262575,-0.09472142168512114,0.001,0.9999999093580166,75.95460755373712,14.070365074045682,2026-03-27 03:50:59.875000
XRPUSDT,1598289131.0,1.3656,3.7,,,False,374.2532189290861,0.9991145292452648,53.16961151856375,-0.15718066553834714,0.023,0.9999999094525914,-14178.280316450178,14.075329284883624,2026-03-27 03:50:59.898000
XRPUSDT,1598289132.0,1.3656,396.3,,,False,374.45140217226617,0.9991167237059285,53.17911423310619,-0.09419739854571661,0.023,0.9999999094855917,28701.023460261193,14.080293497685457,2026-03-27 03:50:59.898000
XRPUSDT,1598289133.0,1.3656,200.0,,,False,374.649620437279,0.9991189127328604,53.188615044502484,-0.09403060709002922,0.023,0.9999999095186338,76.19433697320737,14.085257712511169,2026-03-27 03:50:59.898000
XRPUSDT,1598289134.0,1.3655,5.0,,,True,374.7156367062384,0.9991189127328604,53.19799816745257,-0.03141413876059447,0.603,0.999999909490259,,14.090222659896204,2026-03-27 03:51:00.501000
XRPUSDT,1598289135.0,1.3655,3.9,,,True,374.9139206285337,0.9991210963394909,53.207495459571355,-0.09389516101848099,0.928,0.9999999095234667,-28613.680405990057,14.095188018868518,2026-03-27 03:51:01.429000
XRPUSDT,1598289136.0,1.3655,3.9,,,True,375.1122501812981,0.9991232745392179,53.21699086139218,-0.09373383174767409,0.928,0.9999999095567295,74.06541686914814,14.100153377437751,2026-03-27 03:51:01.429000
XRPUSDT,1598289137.0,1.3655,3.9,,,True,375.31061468448667,0.999125447345406,53.22648436497773,-0.09356772676518374,0.928,0.9999999095900168,76.44721531140519,14.105118735605894,2026-03-27 03:51:01.429000
XRPUSDT,1598289138.0,1.3655,3.9,,,True,375.509014131987,0.9991276147713871,53.235975971746505,-0.09340189196008922,0.928,0.9999999096233296,76.5123268512068,14.110084093375503,2026-03-27 03:51:01.429000
XRPUSDT,1598289139.0,1.3655,3.9,,,True,375.7074485176957,0.9991297768304599,53.24546568311508,-0.09323632696055542,0.928,0.9999999096566654,76.57746340914538,14.115049450748902,2026-03-27 03:51:01.429000
XRPUSDT,1598289140.0,1.3655,3.9,,,True,375.90591783551235,0.9991319335358912,53.254953500498054,-0.09307103139243361,0.928,0.9999999096900251,76.64262616426468,14.120014807728172,2026-03-27 03:51:01.429000
XRPUSDT,1598289141.0,1.3655,3.7,,,True,376.10442207933943,0.9991340849009138,53.26443942530806,-0.09290600488201696,0.928,0.9999999097234099,76.70781512439176,14.12498016431591,2026-03-27 03:51:01.429000
XRPUSDT,1598289142.0,1.3655,1665.8,,,True,376.3029612430831,0.9991362309387289,53.273923458955856,-0.09274124705591913,0.928,0.9999999097568181,76.7730302499697,14.12994552051443,2026-03-27 03:51:01.429000
XRPUSDT,1598289143.0,1.3655,665.7,,,True,376.5015353206521,0.9991383716625052,53.28340560285021,-0.09257675754110622,0.002,0.9999999097902504,76.83827154077512,14.134909725990266,2026-03-27 03:51:01.431000
XRPUSDT,1598289144.0,1.3655,225.0,,,True,376.7001144279267,0.9991405070853782,53.29288583284535,-0.09239868351643875,0.002,0.9999999098236385,83.39052040758088,14.139873933524743,2026-03-27 03:51:01.431000
XRPUSDT,1598289145.0,1.3655,552.2,,,True,376.89872848954815,0.9991426372204518,53.3023641760703,-0.0922348079457797,0.002,0.9999999098570657,76.93200900034813,14.144838143115757,2026-03-27 03:51:01.431000
XRPUSDT,1598289146.0,1.3655,3.9,,,True,377.09737749935664,0.9991447620807974,53.311840633927176,-0.09207119924021454,0.002,0.9999999098905327,76.99739227882426,14.149802354761185,2026-03-27 03:51:01.431000
XRPUSDT,1598289147.0,1.3655,3.9,,,True,377.29606145119556,0.9991468816794538,53.32131520781614,-0.09190785702927293,0.002,0.9999999099240399,77.06280170105245,14.154766568458527,2026-03-27 03:51:01.431000
XRPUSDT,1598289148.0,1.3655,3.7,,,True,377.4947803389114,0.9991489960294282,53.330787899135515,-0.09174478094264023,0.002,0.9999999099575857,77.12823733271165,14.159730784206086,2026-03-27 03:51:01.431000
XRPUSDT,1598289149.0,1.3655,3.8,,,True,377.693534156354,0.9991511051436954,53.34025870928164,-0.09158197061048917,0.002,0.9999999099911703,77.19369911831264,14.164695002001485,2026-03-27 03:51:01.431000
XRPUSDT,1598289150.0,1.3655,3.8,,,True,377.89232289737623,0.9991532090351988,53.34972763964898,-0.09141942566324338,0.002,0.9999999100247939,77.25918707653676,14.169659221842506,2026-03-27 03:51:01.431000
XRPUSDT,1598289151.0,1.3655,3.7,,,True,378.09114655583477,0.9991553077168491,53.35919469163007,-0.09125714573177557,0.002,0.999999910058456,77.32470117156421,14.174623443727143,2026-03-27 03:51:01.431000
XRPUSDT,1598289152.0,1.3654,3.9,,,True,378.1573489766882,0.9991553077168491,53.36854850446972,-0.030479964892121687,0.039,0.9999999100313605,,14.179587712871873,2026-03-27 03:51:01.470000
XRPUSDT,1598289153.0,1.3654,3.7,,,True,378.3562203815154,0.9991574012015259,53.37801206097762,-0.09111701511367915,0.039,0.999999910065142,-28964.649656020396,14.184551984060935,2026-03-27 03:51:01.470000
XRPUSDT,1598289154.0,1.3654,7.4,,,True,378.5551266895539,0.9991594895020763,53.3874737426796,-0.09095521667202469,0.039,0.9999999100989605,77.47852272361298,14.189516257191165,2026-03-27 03:51:01.470000
XRPUSDT,1598289155.0,1.3654,3.9,,,True,378.7540678924791,0.9991615726313168,53.39693355096014,-0.09079368124293635,0.039,0.9999999101328154,77.54460258759273,14.19448053226058,2026-03-27 03:51:01.470000
XRPUSDT,1598289156.0,1.3654,3.9,,,True,378.9530439841646,0.9991636506020314,53.406391487203585,-0.09063240946240261,0.039,0.9999999101667078,77.61022780539194,14.19944480926702,2026-03-27 03:51:01.470000
XRPUSDT,1598289157.0,1.3654,3.9,,,True,379.1520549584868,0.9991657234269731,53.415847552792414,-0.09047140096245215,0.039,0.9999999102006375,77.67587928538568,14.204409088208491,2026-03-27 03:51:01.470000
XRPUSDT,1598289158.0,1.3654,3.9,,,True,379.3511008093259,0.9991677911188632,53.425301749107255,-0.09031065537580586,0.039,0.9999999102346028,77.74155685960054,14.209373369083536,2026-03-27 03:51:01.470000
XRPUSDT,1598289159.0,1.3654,3.9,,,True,379.55018153056494,0.9991698536903919,53.434754077526826,-0.09015017233533468,0.039,0.9999999102686048,77.80726061592023,14.214337651889497,2026-03-27 03:51:01.470000
XRPUSDT,1598289160.0,1.3654,3.8,,,True,379.74929711609064,0.9991719111542178,53.44420453942796,-0.0899899514741696,0.039,0.9999999103026425,77.87299059686096,14.219301936625108,2026-03-27 03:51:01.470000
XRPUSDT,1598289161.0,1.3654,275.9,,,True,379.9484475597924,0.9991739635229688,53.453653136185594,-0.08982999242593799,0.039,0.9999999103367154,77.93874670378351,14.224266223287787,2026-03-27 03:51:01.470000
XRPUSDT,1598289162.0,1.3654,206.0,,,True,380.1476328555628,0.9991760108092411,53.46309986917283,-0.08967029482452779,0.039,0.9999999103708254,78.00452900593763,14.22923051187609,2026-03-27 03:51:01.470000
XRPUSDT,1598289163.0,1.3654,3.7,,,True,380.3468529972981,0.9991780530256006,53.472544739760906,-0.08951085830414815,0.039,0.9999999104049703,78.07033747459947,14.234194802388167,2026-03-27 03:51:01.470000
XRPUSDT,1598289164.0,1.3654,3.9,,,True,380.5461079788977,0.9991800901845813,53.48198774931913,-0.0893516824993858,0.039,0.9999999104391502,78.1361721241251,14.239159094821416,2026-03-27 03:51:01.470000
XRPUSDT,1598289165.0,1.3654,3.9,,,True,380.74539779426385,0.9991821222986871,53.49142889921502,-0.08919276704512057,0.039,0.9999999104733646,78.20203295393473,14.244123389174453,2026-03-27 03:51:01.470000
XRPUSDT,1598289166.0,1.3654,3.7,,,True,380.94472243730223,0.9991841493803906,53.50086819081417,-0.08903411157654977,0.039,0.9999999105076147,78.26791998439029,14.249087685445176,2026-03-27 03:51:01.470000
XRPUSDT,1598289167.0,1.3654,12.0,,,False,381.14408190192194,0.9991861714421341,53.51030562548035,-0.08887571572938406,0.077,0.9999999105418986,78.33383311646497,14.254052028947381,2026-03-27 03:51:01.547000
XRPUSDT,1598289168.0,1.3654,43.8,,,False,381.34347736381795,0.9991881884963288,53.519741205530174,-0.08871810307917932,3.4,0.9999999105762202,78.14001756253391,14.25902032995543,2026-03-27 03:51:04.947000
XRPUSDT,1598289169.0,1.3654,311.0,,,False,381.54301081203033,0.9991902005553559,53.52917501450952,-0.08860587704341544,5.332,0.9999999106108098,55.77671144571363,14.263990920122454,2026-03-27 03:51:10.279000
XRPUSDT,1598289170.0,1.3654,109.8,,,False,381.74263877172643,0.9991922076315652,53.538607018216105,-0.08847444511886372,4.478,0.9999999106455155,65.48427206695686,14.26896048582941,2026-03-27 03:51:14.757000
XRPUSDT,1598289171.0,1.3653,3.7,,,True,381.8091776677836,0.9991922076315652,53.54793029100752,-0.029580379884227823,1.011,0.9999999106200195,,14.27392593671494,2026-03-27 03:51:15.768000
XRPUSDT,1598289172.0,1.3653,3.9,,,True,382.008717933798,0.999194209737277,53.55735873054,-0.08827811695703663,1.011,0.9999999106543712,-29318.00090656049,14.278891389609495,2026-03-27 03:51:15.768000
XRPUSDT,1598289173.0,1.3653,4.1,,,True,382.2082929910997,0.9991962068847803,53.566785320609625,-0.08812091997177658,1.011,0.9999999106887415,78.71075371408703,14.283856841963535,2026-03-27 03:51:15.768000
XRPUSDT,1598289174.0,1.3653,7.4,,,True,382.4079027783314,0.999198199086335,53.57621006252479,-0.08796395637946922,1.011,0.9999999107231301,78.78901205312302,14.288822293779855,2026-03-27 03:51:15.768000
XRPUSDT,1598289175.0,1.3653,3.9,,,True,382.6075472895053,0.9992001863541695,53.585632957636555,-0.087807250271589,1.011,0.9999999107575364,78.85505172410778,14.293787745061099,2026-03-27 03:51:15.768000
XRPUSDT,1598289176.0,1.3653,3.9,,,True,382.8072265186365,0.999202168700483,53.59505400729415,-0.08765080128497334,1.011,0.9999999107919608,78.92111764501114,14.29875319580939,2026-03-27 03:51:15.768000
XRPUSDT,1598289177.0,1.3653,3.9,,,True,383.0069404597433,0.9992041461374443,53.60447321284497,-0.08749460905696477,1.011,0.9999999108264034,78.9872097354535,14.303718646027873,2026-03-27 03:51:15.768000
XRPUSDT,1598289178.0,1.3653,3.9,,,True,383.20668910684697,0.9992061186771921,53.61389057563461,-0.08733867322520295,1.011,0.9999999108608634,79.05332804504735,14.308684095718835,2026-03-27 03:51:15.768000
XRPUSDT,1598289179.0,1.3653,3.9,,,True,383.40647245397196,0.9992080863318353,53.62330609700679,-0.0871829934275955,1.011,0.999999910895341,79.11947258827357,14.313649544884719,2026-03-27 03:51:15.768000
XRPUSDT,1598289180.0,1.3653,3.8,,,True,383.60629049514574,0.9992100491134529,53.63271977830343,-0.08702756930252886,1.011,0.999999910929837,79.18564331116124,14.318614993528614,2026-03-27 03:51:15.768000
XRPUSDT,1598289181.0,1.3653,33.1,,,True,383.80614322439897,0.9992120070340944,53.64213162086464,-0.0868724004885925,1.011,0.9999999109643495,79.2518402672017,14.323580441652346,2026-03-27 03:51:15.768000
XRPUSDT,1598289182.0,1.3653,6400.0,,,True,384.006030635765,0.9992139601057792,53.65154162602872,-0.08671748662477587,0.014,0.9999999109988796,79.31806344866321,14.328544729619008,2026-03-27 03:51:15.782000
XRPUSDT,1598289183.0,1.3653,3.7,,,True,384.20592240902636,0.9992159083404974,53.660949771478066,-0.08654974864709403,0.003,0.9999999110333586,86.09741737648774,14.333509006767816,2026-03-27 03:51:15.785000
XRPUSDT,1598289184.0,1.3653,3.9,,,True,384.4058485723013,0.9992178517502094,53.67035608210048,-0.08639527418721452,0.003,0.9999999110678686,79.48630642875693,14.338473285895725,2026-03-27 03:51:15.785000
XRPUSDT,1598289185.0,1.3653,3.9,,,True,384.6058094540687,0.9992197903468458,53.679760559489665,-0.08624119788653317,0.003,0.999999911102412,79.4782667962124,14.343437567000494,2026-03-27 03:51:15.785000
XRPUSDT,1598289186.0,1.3653,3.9,,,True,384.80580504829277,0.9992217241423083,53.68916320497584,-0.08608737477933953,0.003,0.9999999111369879,79.54466239181895,14.348401850080133,2026-03-27 03:51:15.785000
XRPUSDT,1598289187.0,1.3653,3.8,,,True,385.0058353489409,0.9992236531484691,53.698564019887456,-0.08593380450762508,0.003,0.9999999111715964,79.61108410887842,14.353366135132534,2026-03-27 03:51:15.785000
XRPUSDT,1598289188.0,1.3653,3.9,,,True,385.2059003499834,0.9992255773771712,53.70796300555115,-0.0857804867135073,0.003,0.9999999112062367,79.67753206575486,14.358330422155987,2026-03-27 03:51:15.785000
XRPUSDT,1598289189.0,1.3653,3.9,,,True,385.40600004539374,0.9992274968402282,53.71736016329179,-0.08562742103956454,0.003,0.9999999112409088,79.74400621522393,14.36329471114794,2026-03-27 03:51:15.785000
XRPUSDT,1598289190.0,1.3653,3.9,,,True,385.60613442914877,0.9992294115494246,53.726755494432425,-0.08547460712872484,0.003,0.9999999112756136,79.8105065384198,14.368259002106818,2026-03-27 03:51:15.785000
XRPUSDT,1598289191.0,1.3653,3.8,,,True,385.80630349522824,0.999231321516516,53.736149000294354,-0.08532204462421013,0.003,0.9999999113103493,79.87703306709778,14.373223295030293,2026-03-27 03:51:15.785000
XRPUSDT,1598289192.0,1.3653,3.9,,,True,386.0065072376152,0.9992332267532291,53.745540682197074,-0.08516973316954354,0.003,0.9999999113451161,79.94358580929135,14.378187589916635,2026-03-27 03:51:15.785000
XRPUSDT,1598289193.0,1.3652,3.7,,,True,386.0731397113623,0.9992332267532291,53.7548287158513,-0.028433243238310976,5.732,0.9999999113206521,,14.38315841851776,2026-03-27 03:51:21.517000
XRPUSDT,1598289194.0,1.3652,1.6,,,True,386.2735607956929,0.9992351272712615,53.764217118521394,-0.08510971206372267,5.732,0.9999999113559102,-29821.589618922106,14.388129249102537,2026-03-27 03:51:21.517000
XRPUSDT,1598289195.0,1.3652,2.3,,,True,386.47401654273045,0.9992370230822818,53.77360370000216,-0.08495757595546438,0.919,0.9999999113911117,80.248562030081,14.39309458821183,2026-03-27 03:51:22.436000
XRPUSDT,1598289196.0,1.3652,7.4,,,True,386.6743631139754,0.9992389141979304,53.78298835266726,-0.08474506780891106,0.919,0.9999999114259325,112.37184077393145,14.398059927055298,2026-03-27 03:51:22.436000
XRPUSDT,1598289197.0,1.3652,4.1,,,True,386.8747442869268,0.9992408006298181,53.792371187276096,-0.08459365035594386,0.919,0.9999999114607709,80.26658897921004,14.40302526563691,2026-03-27 03:51:22.436000
XRPUSDT,1598289198.0,1.3652,394.0,,,True,387.0751600557204,0.9992426823895284,53.80175220513949,-0.08444248256455614,0.919,0.999999911495626,80.33320649933111,14.407990603959,2026-03-27 03:51:22.436000
XRPUSDT,1598289199.0,1.3652,2258.0,,,True,387.2756104144324,0.9992445594886149,53.81113140756643,-0.08429156405275758,0.919,0.9999999115304985,80.39986428204044,14.41295594202352,2026-03-27 03:51:22.436000
XRPUSDT,1598289200.0,1.3652,2000.0,,,True,387.4760953571418,0.9992464319386033,53.82050879586415,-0.08414089446527306,0.919,0.999999911565387,80.46654832888787,14.417921279832425,2026-03-27 03:51:22.436000
XRPUSDT,1598289201.0,1.3652,600.0,,,True,387.6766148779304,0.999248299750991,53.82988437133811,-0.08399047344724053,0.919,0.9999999116002924,80.53325859626365,14.422886617387695,2026-03-27 03:51:22.436000
XRPUSDT,1598289202.0,1.3652,2077.1,,,True,387.8771689708834,0.9992501629372471,53.839258135292035,-0.08384030064418088,0.001,0.999999911635215,80.59999507373928,14.427850922567314,2026-03-27 03:51:22.437000
XRPUSDT,1598289203.0,1.3652,3.9,,,True,388.07773056060273,0.9992520215088119,53.84863006887749,-0.0836791219267626,0.001,0.9999999116700918,86.72182469281645,14.432815229697079,2026-03-27 03:51:22.437000
XRPUSDT,1598289204.0,1.3652,3.9,,,True,388.27832675878835,0.999253875477098,53.858000193680596,-0.08352950861922141,0.001,0.999999911704999,80.69895729165087,14.437779538774771,2026-03-27 03:51:22.437000
XRPUSDT,1598289205.0,1.3652,1089.9,,,True,388.47895755946155,0.9992557248534898,53.86736851099916,-0.08338014219396529,0.001,0.9999999117399361,80.76583323871233,14.442743849798607,2026-03-27 03:51:22.437000
XRPUSDT,1598289206.0,1.3652,523.1,,,True,388.67962295664665,0.9992575696493433,53.876735022129196,-0.08323102229880504,0.001,0.9999999117749031,80.83273543546596,14.447708162766657,2026-03-27 03:51:22.437000
XRPUSDT,1598289207.0,1.3652,259.0,,,True,388.8803229443713,0.9992594098759866,53.88609972836501,-0.0830821485820123,0.001,0.9999999118098989,80.89966381888156,14.452672477676801,2026-03-27 03:51:22.437000
XRPUSDT,1598289208.0,1.3652,3.9,,,True,389.081057516666,0.9992612455447204,53.89546263099914,-0.08293352069217028,0.001,0.9999999118449245,80.9666183803527,14.457636794526717,2026-03-27 03:51:22.437000
XRPUSDT,1598289209.0,1.3652,3.9,,,True,389.28182666756453,0.9992630766668169,53.90482373132245,-0.08278513827811167,0.001,0.9999999118799779,81.03359920217127,14.462601113315031,2026-03-27 03:51:22.437000
XRPUSDT,1598289210.0,1.3652,3.9,,,True,389.4826303911033,0.9992649032535207,53.914183030623995,-0.08263700098914695,0.001,0.9999999119150613,81.10060620622208,14.467565434039438,2026-03-27 03:51:22.437000
XRPUSDT,1598289211.0,1.3652,4.4,,,True,389.6834686813224,0.9992667253160489,53.92354053019118,-0.08248910847490444,0.001,0.9999999119501731,81.16763939460407,14.472529756697696,2026-03-27 03:51:22.437000
XRPUSDT,1598289212.0,1.3652,3.8,,,True,389.88434153226484,0.9992685428655905,53.932896231309634,-0.08234146038534125,0.001,0.9999999119853135,81.2346987962681,14.477494081288338,2026-03-27 03:51:22.437000
XRPUSDT,1598289213.0,1.3652,3.7,,,True,390.0852489379766,0.9992703559133072,53.94225013526327,-0.08219405637067806,0.001,0.9999999120204822,81.30178445470563,14.48245840780896,2026-03-27 03:51:22.437000
XRPUSDT,1598289214.0,1.3652,3.9,,,True,390.2861908925066,0.9992721644703333,53.951602243334314,-0.08204689608159585,0.001,0.9999999120556791,81.36889628320824,14.48742273625787,2026-03-27 03:51:22.437000
XRPUSDT,1598289215.0,1.3652,3.9,,,True,390.4871673899072,0.9992739685477752,53.96095255680325,-0.08189997916912191,0.001,0.9999999120909041,81.43603432057208,14.492387066632883,2026-03-27 03:51:22.437000
XRPUSDT,1598289216.0,1.3652,3.7,,,True,390.6881784242337,0.9992757681567123,53.970301076948886,-0.08175330528458319,0.001,0.9999999121261565,81.50319856475815,14.497351398932356,2026-03-27 03:51:22.437000
XRPUSDT,1598289217.0,1.3651,3.7,,,True,390.7550651959755,0.9992757681567123,53.979551224510736,-0.02728633400137443,0.001,0.9999999121030799,,14.502315733153482,2026-03-27 03:51:22.437000
XRPUSDT,1598289218.0,1.3651,3.9,,,True,390.9561223001442,0.9992775633081967,53.98889638442165,-0.08162557785496602,0.001,0.9999999121384273,-30270.004689801637,14.5072800692972,2026-03-27 03:51:22.437000
XRPUSDT,1598289219.0,1.3651,3.7,,,True,391.15721392741114,0.9992793540132529,53.99823975432899,-0.08147934908294152,0.001,0.9999999121738027,81.65988671570503,14.512244407359216,2026-03-27 03:51:22.437000
XRPUSDT,1598289220.0,1.3651,3.7,,,True,391.35834007179056,0.9992811402828785,54.00758133550585,-0.08133336235693554,0.001,0.999999912209204,81.72715020675571,14.51720874733747,2026-03-27 03:51:22.437000
XRPUSDT,1598289221.0,1.3651,7.4,,,True,391.5595007273509,0.9992829221280438,54.016921129223576,-0.08118761735030186,0.001,0.9999999122446335,81.79442831034443,14.522173089229963,2026-03-27 03:51:22.437000
XRPUSDT,1598289222.0,1.3651,5.5,,,True,391.7606958881641,0.9992846995596922,54.026259136751904,-0.08104211371597184,0.001,0.9999999122800893,81.86173260692247,14.527137433035318,2026-03-27 03:51:22.437000
XRPUSDT,1598289223.0,1.3651,4.1,,,True,391.96192554830435,0.9992864725887403,54.035595359358844,-0.08089685110717433,0.001,0.9999999123155716,81.9290631246906,14.532101778750919,2026-03-27 03:51:22.437000
XRPUSDT,1598289224.0,1.3651,879.0,,,True,392.16318970184994,0.9992882412260771,54.04492979831069,-0.08075182917756779,0.001,0.9999999123510805,81.99641983602454,14.537066126374448,2026-03-27 03:51:22.437000
XRPUSDT,1598289225.0,1.3651,908.2,,,True,392.36448834288126,0.9992900054825654,54.05426245487208,-0.08060704758098236,0.001,0.9999999123866155,82.06380282108678,14.542030475905271,2026-03-27 03:51:22.437000
XRPUSDT,1598289226.0,1.3651,438.0,,,True,392.5658214654824,0.999291765369041,54.06359333030597,-0.08046250597181973,0.001,0.9999999124221767,82.13121196779899,14.546994827340116,2026-03-27 03:51:22.437000
XRPUSDT,1598289227.0,1.3651,3141.1,,,True,392.7671890637401,0.9992935208963127,54.07292242587362,-0.08031820400469196,0.001,0.9999999124577635,82.19864735108797,14.55195918067792,2026-03-27 03:51:22.437000
XRPUSDT,1598289228.0,1.3651,3.9,,,True,392.96859113174446,0.9992952720751631,54.0822497428346,-0.0801741413346067,2.591,0.9999999124933763,82.26610894401833,14.55692632038008,2026-03-27 03:51:25.028000
XRPUSDT,1598289229.0,1.3651,3.9,,,True,393.1701010091926,0.999297018916348,54.091575333764574,-0.08005935404532671,2.591,0.9999999125291801,65.71134815839706,14.561893456039638,2026-03-27 03:51:25.028000
XRPUSDT,1598289230.0,1.3651,3.5,,,True,393.3716452137646,0.9992987614305968,54.1008991482565,-0.07991560301613668,2.591,0.9999999125649739,82.4963292498533,14.56686058766257,2026-03-27 03:51:25.028000
XRPUSDT,1598289231.0,1.3652,5.0,,,False,393.70770398219275,0.99930223352107,54.1103146972436,-0.132613034516974,3.853,0.9999999126585543,-15177.436160896214,14.571829066131825,2026-03-27 03:51:28.881000
XRPUSDT,1598289232.0,1.3651,59.0,,,True,393.7748721848596,0.99930223352107,54.11954147767576,-0.026604393671110477,0.878,0.9999999126366121,,14.576794358810053,2026-03-27 03:51:29.759000
XRPUSDT,1598289233.0,1.3652,112.6,,,False,394.1109971810692,0.999305688431889,54.12895301564422,-0.13211816369943474,0.426,0.9999999127299667,-30540.22970578167,14.581759171947164,2026-03-27 03:51:30.185000
XRPUSDT,1598289234.0,1.3652,1062.7,,,False,394.3126407414213,0.9993074094714715,54.138269480289836,-0.07915871037378112,2.108,0.9999999127655498,30771.781118310595,14.586725770736578,2026-03-27 03:51:32.293000
XRPUSDT,1598289235.0,1.3651,3.7,,,True,394.37979381142674,0.9993074094714715,54.14749155799448,-0.026441873038236762,1.508,0.999999912743621,,14.591691730248531,2026-03-27 03:51:33.801000
XRPUSDT,1598289236.0,1.3651,1.3,,,True,394.58151344428546,0.9993091262479395,54.156804719417096,-0.07904629422890105,1.508,0.9999999127793283,-30641.392265223345,14.596657691654547,2026-03-27 03:51:33.801000
XRPUSDT,1598289237.0,1.3651,9.9,,,True,394.78326749395285,0.9993108387718388,54.166116113353,-0.07890430583800585,6.31,0.9999999128150403,82.9117718928487,14.601628731298046,2026-03-27 03:51:40.111000
XRPUSDT,1598289238.0,1.3652,9.8,,,False,395.11983048724875,0.9993142511039829,54.17551784263218,-0.13099451430274275,8.84,0.9999999129085744,-15265.28083007784,14.606602433294714,2026-03-27 03:51:48.951000
XRPUSDT,1598289239.0,1.3652,4.5,,,False,395.3218803304286,0.9993159509331883,54.1848256317872,-0.07854088358129308,0.087,0.9999999129446507,30858.177136291768,14.611566887822814,2026-03-27 03:51:49.038000
XRPUSDT,1598289240.0,1.3651,23.4,,,True,395.38903422182193,0.9993159509331883,54.1940399056501,-0.02618324518475072,1.158,0.9999999129226517,,14.616532468454121,2026-03-27 03:51:50.196000
XRPUSDT,1598289241.0,1.3651,102.6,,,True,395.59091575697835,0.999317646551747,54.20334423467928,-0.078334567680207,4.23,0.9999999129582179,-30756.51786500301,14.621501277369235,2026-03-27 03:51:54.426000
XRPUSDT,1598289242.0,1.3652,8.8,,,False,395.92764907674183,0.9993210251985624,54.21273802363785,-0.13003223097611244,0.818,0.9999999130513426,-15301.292535656974,14.626466501927043,2026-03-27 03:51:55.244000
XRPUSDT,1598289243.0,1.3652,8.3,,,False,396.12961279927805,0.9993227082475739,54.22203861456907,-0.07789150897461208,1.923,0.9999999130868273,30979.918971753345,14.631432878993417,2026-03-27 03:51:57.167000
XRPUSDT,1598289244.0,1.3652,11.9,,,False,396.33164128953047,0.9993243871274484,54.23133746766922,-0.07776312547633871,0.056,0.9999999131223939,76.46973450467034,14.636397306876566,2026-03-27 03:51:57.223000
XRPUSDT,1598289245.0,1.3652,400.0,,,False,396.53365264094816,0.9993260618484996,54.24063452907937,-0.0776035556812886,0.445,0.9999999131578448,95.28141712830408,14.64136214140742,2026-03-27 03:51:57.668000
XRPUSDT,1598289246.0,1.3652,191.7,,,False,396.73570904398355,0.9993277324210155,54.24992984190268,-0.07746809645117662,0.445,0.9999999131933428,81.0855133940992,14.646326976827515,2026-03-27 03:51:57.668000
XRPUSDT,1598289247.0,1.3652,97.1,,,False,396.93779977944513,0.9993293988552588,54.259223400162355,-0.07732876067027604,0.445,0.999999913228859,83.61312872352553,14.65129181313628,2026-03-27 03:51:57.668000
XRPUSDT,1598289248.0,1.3652,3.9,,,False,397.13992484151635,0.9993310611614671,54.26851520508419,-0.07718965705247954,0.445,0.9999999132643939,83.68110346160215,14.65625665033376,2026-03-27 03:51:57.668000
XRPUSDT,1598289249.0,1.3652,3.9,,,False,397.3420842243858,0.9993327193498523,54.277805257892396,-0.07705078526105787,0.445,0.9999999132999462,83.7491039350688,14.661221488419955,2026-03-27 03:51:57.668000
XRPUSDT,1598289250.0,1.3652,3.7,,,False,397.54427792224493,0.9993343734306014,54.28709355980954,-0.07691214495867088,0.445,0.9999999133355172,83.81713073425917,14.66618632739488,2026-03-27 03:51:57.668000
XRPUSDT,1598289251.0,1.3652,205.3,,,False,397.746505929288,0.9993360234138764,54.2963801120566,-0.07677373580858494,0.445,0.999999913371106,83.88518367566188,14.671151167258124,2026-03-27 03:51:57.668000
XRPUSDT,1598289252.0,1.3652,486.1,,,False,397.94876823971265,0.9993376693098137,54.30566491585294,-0.0766355574742151,0.441,0.9999999134067116,83.95326292312706,14.676116003898741,2026-03-27 03:51:58.109000
XRPUSDT,1598289253.0,1.3652,200.0,,,False,398.1510647389933,0.9993393111285255,54.31494797234477,-0.07649756865129984,0.342,0.9999999134423356,84.04632126966258,14.68108073986503,2026-03-27 03:51:58.451000
XRPUSDT,1598289254.0,1.3652,400.0,,,False,398.35339284365205,0.9993409488800982,54.32422928105788,-0.07635884085246286,0.342,0.9999999134779703,84.70625285919651,14.686045476945258,2026-03-27 03:51:58.451000
XRPUSDT,1598289255.0,1.3652,800.0,,,False,398.5557552393055,0.9993425825745936,54.33350884498105,-0.0762213589716012,0.001,0.9999999135136235,84.15397202080621,14.691009866539686,2026-03-27 03:51:58.452000
XRPUSDT,1598289256.0,1.3652,4.9,,,False,398.7581426962855,0.999344212222049,54.34278665930636,-0.0760806514615496,2.931,0.9999999135492752,86.34230034425137,14.695977247899075,2026-03-27 03:52:01.383000
XRPUSDT,1598289257.0,1.3652,5.0,,,False,398.96064357561073,0.9993458378324767,54.3520627828275,-0.07597322870467879,0.801,0.9999999135851264,66.0814885576524,14.70094245508613,2026-03-27 03:52:02.184000
XRPUSDT,1598289258.0,1.3652,2898.7,,,False,399.16312117469585,0.9993474594158641,54.36133712758518,-0.07581485741920714,1.815,0.9999999136208347,97.6645954174734,14.705908693394724,2026-03-27 03:52:03.999000
XRPUSDT,1598289259.0,1.3652,1617.8,,,False,399.3656603143142,0.9993490769821743,54.37060975002535,-0.07568842874726765,1.815,0.9999999136566162,78.1598078173946,14.71087492961365,2026-03-27 03:52:03.999000
XRPUSDT,1598289260.0,1.3652,3.8,,,False,399.5682336449401,0.999350690541346,54.37988063355121,-0.07555200623772854,1.815,0.9999999136923977,84.54757156693046,14.715841163746857,2026-03-27 03:52:03.999000
XRPUSDT,1598289261.0,1.3652,3.9,,,False,399.7708411608775,0.9993523001032922,54.389149779368566,-0.07541581185875619,1.815,0.9999999137281784,84.6158044970234,14.720807395800119,2026-03-27 03:52:03.999000
XRPUSDT,1598289262.0,1.3652,3.7,,,False,399.9734828564544,0.9993539056779029,54.39841718868162,-0.07527984528402105,1.815,0.9999999137639594,84.68405879635883,14.725773625779203,2026-03-27 03:52:03.999000
XRPUSDT,1598289263.0,1.3652,3.9,,,False,400.17615872600146,0.9993555072750432,54.40768286269305,-0.07514410617958787,1.815,0.9999999137997395,84.7523394132126,14.730739853688918,2026-03-27 03:52:03.999000
XRPUSDT,1598289264.0,1.3652,3.9,,,False,400.3788687638523,0.9993571049045533,54.41694680260389,-0.07500859421197092,1.815,0.9999999138355193,84.82064631234647,14.735706079534669,2026-03-27 03:52:03.999000
XRPUSDT,1598289265.0,1.3652,3.9,,,False,400.5816129643434,0.9993586985762497,54.42620900961367,-0.07487330904795465,1.815,0.9999999138712978,84.88897953258768,14.740672303322357,2026-03-27 03:52:03.999000
XRPUSDT,1598289266.0,1.3652,3.9,,,False,400.7843913218137,0.9993602882999245,54.435469484920255,-0.0747382503547566,1.815,0.999999913907077,84.9573390256778,14.745638525056885,2026-03-27 03:52:03.999000
XRPUSDT,1598289267.0,1.3652,3.9,,,False,400.98720383060504,0.9993618740853459,54.44472822972001,-0.07460341779984307,1.815,0.999999913942855,85.02572485042391,14.750604744743674,2026-03-27 03:52:03.999000
XRPUSDT,1598289268.0,1.3652,3.8,,,False,401.1900504850622,0.9993634559422573,54.45398524520771,-0.07446881105120946,1.815,0.9999999139786326,85.09413693992562,14.755570962388317,2026-03-27 03:52:03.999000
XRPUSDT,1598289269.0,1.3652,3.9,,,False,401.39293127953255,0.999365033880379,54.46324053257654,-0.0743344297769354,1.815,0.9999999140144089,85.16257540405432,14.760537177995813,2026-03-27 03:52:03.999000
XRPUSDT,1598289270.0,1.3652,3.9,,,False,401.59584620836614,0.9993666079094063,54.47249409301817,-0.0742002736457922,1.815,0.9999999140501855,85.23104009707816,14.765503391571622,2026-03-27 03:52:03.999000
XRPUSDT,1598289271.0,1.3653,3.7,,,False,401.93418972884587,0.9993697442788425,54.48183097183781,-0.12312775467929529,0.101,0.9999999141421194,-15600.037568711961,14.770467900799524,2026-03-27 03:52:04.100000
XRPUSDT,1598289272.0,1.3653,150.0,,,False,402.1371505144215,0.9993713066385236,54.49108085735024,-0.07376626458114324,0.101,0.9999999141777536,31594.19095111621,14.775432411434725,2026-03-27 03:52:04.100000
XRPUSDT,1598289273.0,1.3653,5.5,,,False,402.34014548990285,0.9993728651276551,54.50032902013676,-0.07363313322153642,0.101,0.9999999142134083,85.42334810926579,14.780396923691267,2026-03-27 03:52:04.100000
XRPUSDT,1598289274.0,1.3653,7.4,,,False,402.5431746543123,0.9993744197558136,54.509575461383875,-0.07350022661465788,0.101,0.9999999142490826,85.49092987184822,14.78536143756722,2026-03-27 03:52:04.100000
XRPUSDT,1598289275.0,1.3653,61.8,,,False,402.74623800189073,0.9993759705325529,54.518820182273394,-0.07336754269685433,0.101,0.9999999142847772,85.55965178335158,14.790325953061418,2026-03-27 03:52:04.100000
XRPUSDT,1598289276.0,1.3653,11.4,,,False,402.94933552688246,0.9993775174674017,54.528063183985715,-0.07323508114091357,1.105,0.9999999143204908,85.62839995869375,14.795291456604554,2026-03-27 03:52:05.205000
XRPUSDT,1598289277.0,1.3653,73.2,,,False,403.15249343125697,0.9993790605698667,54.537304483898176,-0.07311223973473942,1.105,0.9999999143562825,79.60677204402228,14.800256959652215,2026-03-27 03:52:05.205000
XRPUSDT,1598289278.0,1.3653,3.9,,,False,403.3556854544781,0.9993805998494301,54.54654406688024,-0.07298016794350211,1.105,0.9999999143920806,85.80104250094199,14.805222462205956,2026-03-27 03:52:05.205000
XRPUSDT,1598289279.0,1.3653,3.9,,,False,403.55891159085917,0.9993821353155511,54.555781934108175,-0.07284831776099782,1.105,0.9999999144278866,85.86980897764838,14.810187964268364,2026-03-27 03:52:05.205000
XRPUSDT,1598289280.0,1.3653,3.9,,,False,403.7621718347284,0.9993836669776656,54.56501808675676,-0.07271668886471919,1.105,0.9999999144636998,85.93859901266994,14.815153465841833,2026-03-27 03:52:05.205000
XRPUSDT,1598289281.0,1.3653,439.4,,,False,403.9654661804169,0.9993851948451861,54.57425252599922,-0.07258528092832023,1.105,0.9999999144995199,86.0074153260779,14.82011896692856,2026-03-27 03:52:05.205000
XRPUSDT,1598289282.0,1.3652,5.0,,,True,404.0331498289311,0.9993851948451861,54.58340234403305,-0.024238659767744114,1.895,0.9999999144796201,,14.825085234718786,2026-03-27 03:52:07.100000
XRPUSDT,1598289283.0,1.3653,131.4,,,False,404.3721775585518,0.9993882392339792,54.59271628137617,-0.12048619708845137,1.394,0.9999999145712265,-31614.73249953324,14.830051017860487,2026-03-27 03:52:08.494000
XRPUSDT,1598289284.0,1.3653,11.0,,,False,404.5755816829213,0.999389755773961,54.60194559195383,-0.07219502041469764,8.765,0.999999914607075,31842.996065240404,14.835023935070224,2026-03-27 03:52:17.259000
XRPUSDT,1598289285.0,1.3653,22.0,,,False,404.7792096562779,0.9993912685567672,54.61117330876987,-0.0721314664064914,0.61,0.9999999146433481,42.01132373300028,14.8399889529124,2026-03-27 03:52:17.869000
XRPUSDT,1598289286.0,1.3653,804.6,,,False,404.9826616502013,0.9993927775916944,54.62039919046637,-0.07192688625909019,3.08,0.9999999146790745,135.57018708347618,14.84495635460023,2026-03-27 03:52:20.949000
XRPUSDT,1598289287.0,1.3653,11.8,,,False,405.1862111448215,0.9993942828880171,54.62962340404961,-0.07181911711599724,5.906,0.9999999147149535,71.59330788741242,14.849926473607177,2026-03-27 03:52:26.855000
XRPUSDT,1598289288.0,1.3652,276.2,,,True,405.2540858987296,0.9993942828880171,54.63876418967162,-0.024020203659020353,3.308,0.9999999146954852,,14.854894083426558,2026-03-27 03:52:30.163000
XRPUSDT,1598289289.0,1.3652,74.5,,,True,405.45768641125295,0.9993957844549864,54.647985185851525,-0.07170705884356407,0.262,0.9999999147313531,-31758.060851690847,14.859858766603129,2026-03-27 03:52:30.425000
XRPUSDT,1598289290.0,1.3652,152.9,,,True,405.6612431011746,0.99939728230183,54.65720443179548,-0.07155001844668046,2.005,0.9999999147670295,104.84409508164943,14.864825123757157,2026-03-27 03:52:32.430000
XRPUSDT,1598289291.0,1.3653,200.0,,,False,406.00072766466934,0.9994002668719405,54.66650320297577,-0.1187542994452849,1.426,0.999999914858197,-15816.107262002872,14.869790924411706,2026-03-27 03:52:33.856000
XRPUSDT,1598289292.0,1.3653,785.9,,,False,406.2044049122725,0.9994017536135503,54.67571887594916,-0.07115681653834949,1.426,0.9999999148939137,32014.630244032105,14.874756721022337,2026-03-27 03:52:33.856000
XRPUSDT,1598289293.0,1.3653,3.9,,,False,406.40811611372277,0.9994032366717204,54.68493284940671,-0.07102799628795843,1.426,0.9999999149296336,86.86122567048635,14.879722516522495,2026-03-27 03:52:33.856000
XRPUSDT,1598289294.0,1.3653,3.9,,,False,406.6118613289159,0.9994047160555657,54.69414512454126,-0.07089941570475265,1.426,0.9999999149653559,86.91495693490731,14.884688310916356,2026-03-27 03:52:33.856000
XRPUSDT,1598289295.0,1.3653,3.9,,,False,406.8156405522446,0.9994061917741789,54.70335570250505,-0.07077105161811457,1.426,0.9999999150010817,86.98412115297857,14.889654104206965,2026-03-27 03:52:33.856000
XRPUSDT,1598289296.0,1.3653,2.4,,,False,407.0194537781044,0.9994076638366298,54.71256458444881,-0.07064290370669954,1.426,0.9999999150368102,87.05331172164759,14.89461989639837,2026-03-27 03:52:33.856000
XRPUSDT,1598289297.0,1.3653,4.5,,,False,407.22330100089334,0.9994091322519661,54.72177177152182,-0.0705149716495293,0.499,0.9999999150725422,87.12252862353114,14.899584810673463,2026-03-27 03:52:34.355000
XRPUSDT,1598289298.0,1.3653,10.8,,,False,407.427158841086,0.9994105970292129,54.730977251157995,-0.07037921424085847,0.61,0.9999999151082247,92.68126534257188,14.904549830537217,2026-03-27 03:52:34.965000
XRPUSDT,1598289299.0,1.3653,5.0,,,False,407.6310535033583,0.9994120581773731,54.740181039945426,-0.07025271856909604,0.515,0.9999999151439264,86.57278926557116,14.909514761431014,2026-03-27 03:52:35.480000
XRPUSDT,1598289300.0,1.3652,5.0,,,True,407.69892636383787,0.9994120581773731,54.74930360815098,-0.023455933306707994,6.922,0.9999999151246084,,14.91448571823718,2026-03-27 03:52:42.402000
XRPUSDT,1598289301.0,1.3652,4.6,,,True,407.9030247047195,0.9994135157054276,54.7585042915481,-0.07019533580309853,4.784,0.999999915160724,-32067.58343552947,14.91945466554458,2026-03-27 03:52:47.186000
XRPUSDT,1598289302.0,1.3653,24.6,,,False,408.24320220746574,0.9994164199370315,54.767782414182825,-0.11643367224645335,4.832,0.9999999152516115,-15921.022408024523,14.92442365157575,2026-03-27 03:52:52.018000
XRPUSDT,1598289303.0,1.3653,11.8,,,False,408.44733866763295,0.9994178666584316,54.776979505331184,-0.06978086912308124,4.353,0.9999999152874804,32247.261372802124,14.929392171775369,2026-03-27 03:52:56.371000
XRPUSDT,1598289304.0,1.3652,24.0,,,True,408.51535268062383,0.9994178666584316,54.78609610750448,-0.023319111011162595,0.097,0.9999999152684156,,14.934356710149013,2026-03-27 03:52:56.468000
XRPUSDT,1598289305.0,1.3652,970.4,,,True,408.71941584508244,0.9994193097954279,54.795289939269864,-0.0696294173696317,5.277,0.9999999153039966,-32090.027818317714,14.939326088123122,2026-03-27 03:53:01.745000
XRPUSDT,1598289306.0,1.3652,30553.0,,,True,408.92364212431045,0.9994207493568905,54.804482160599406,-0.06954704200511441,0.033,0.9999999153398818,57.222540793114646,14.944290568611565,2026-03-27 03:53:01.778000
XRPUSDT,1598289307.0,1.3652,167.0,,,True,409.12777169387454,0.9994221853516679,54.813672622630435,-0.06937662931880956,0.033,0.9999999153754385,118.67221871857318,14.949255050822018,2026-03-27 03:53:01.778000
XRPUSDT,1598289308.0,1.3652,3.7,,,True,409.3319352651332,0.9994236177885871,54.822861402056795,-0.06925087339433367,0.033,0.999999915411013,87.79159681734517,14.95421953475346,2026-03-27 03:53:01.778000
XRPUSDT,1598289309.0,1.3652,3.9,,,True,409.53613283242004,0.9994250466764527,54.83204850001029,-0.06912532959547006,0.033,0.9999999154466053,87.86119743011632,14.959184020403917,2026-03-27 03:53:01.778000
XRPUSDT,1598289310.0,1.3652,3.9,,,True,409.7403643900698,0.999426472024048,54.84123391762129,-0.0689999976058296,0.033,0.9999999154822148,87.93082477216977,14.964148507771942,2026-03-27 03:53:01.778000
XRPUSDT,1598289311.0,1.3652,3.9,,,True,409.9446299324203,0.9994278938401342,54.85041765601868,-0.06887487711021334,0.033,0.9999999155178427,88.00047828313619,14.969112996855142,2026-03-27 03:53:01.778000
XRPUSDT,1598289312.0,1.3652,3.9,,,True,410.1489294538121,0.9994293121334512,54.85959971632994,-0.06874996779349823,0.033,0.9999999155534876,88.0701581378145,14.974077487652961,2026-03-27 03:53:01.778000
XRPUSDT,1598289313.0,1.3652,3.9,,,True,410.3532629485886,0.9994307269127176,54.868780099681054,-0.0686252693410333,0.033,0.9999999155891498,88.1398642359667,14.979041980163,2026-03-27 03:53:01.778000
XRPUSDT,1598289314.0,1.3652,3.9,,,True,410.557630411096,0.9994321381866298,54.87795880719659,-0.0685007814384681,0.033,0.9999999156248284,88.2095966566299,14.984006474384044,2026-03-27 03:53:01.778000
XRPUSDT,1598289315.0,1.3652,274.9,,,True,410.76203183568316,0.9994335459638628,54.88713583999968,-0.06837650377191747,0.033,0.9999999156605245,88.27935531036222,14.988970970313988,2026-03-27 03:53:01.778000
XRPUSDT,1598289316.0,1.3652,68.5,,,True,410.96646721670214,0.9994349502530709,54.896311199211965,-0.06825243602771933,0.033,0.9999999156962371,88.34914024758683,14.993935467951532,2026-03-27 03:53:01.778000
XRPUSDT,1598289317.0,1.3652,3.8,,,True,411.17093654850754,0.9994363510628863,54.905484885953705,-0.06812857789261681,0.033,0.9999999157319666,88.41895148353235,14.998899967294935,2026-03-27 03:53:01.778000
XRPUSDT,1598289318.0,1.3652,3.8,,,True,411.37543982545685,0.9994377484019202,54.9146569013437,-0.06800492905367773,0.033,0.9999999157677123,88.48878900323557,15.003864468342803,2026-03-27 03:53:01.778000
XRPUSDT,1598289319.0,1.3652,7330.0,,,True,411.57997704191024,0.9994391422787625,54.923827246499314,-0.0678814891984012,0.033,0.9999999158034741,88.55865276768162,15.008828971092962,2026-03-27 03:53:01.778000
XRPUSDT,1598289320.0,1.3652,11.7,,,True,411.78454819223106,0.9994405327019815,54.932995922536456,-0.06775825801453833,0.033,0.9999999158392533,88.62854286266943,15.013793475544306,2026-03-27 03:53:01.778000
XRPUSDT,1598289321.0,1.3652,432.8,,,True,411.98915327078504,0.9994419196801254,54.94216293056967,-0.06763523519025635,0.033,0.9999999158750476,88.69845918178765,15.01875798169482,2026-03-27 03:53:01.778000
XRPUSDT,1598289322.0,1.3652,3.7,,,True,412.19379227194094,0.9994433032217198,54.95132827171202,-0.0675124204140147,0.033,0.9999999159108578,88.76840185982635,15.023722489543172,2026-03-27 03:53:01.778000
XRPUSDT,1598289323.0,1.3652,3.9,,,True,412.3984651900705,0.9994446833352707,54.96049194707517,-0.06738981337473171,0.033,0.999999915946684,88.83837072990335,15.028686999087858,2026-03-27 03:53:01.778000
XRPUSDT,1598289324.0,1.3652,3.9,,,True,412.60317201954786,0.9994460600292621,54.969653957769346,-0.06726741376155305,0.033,0.9999999159825264,88.90836594527771,15.033651510326672,2026-03-27 03:53:01.778000
XRPUSDT,1598289325.0,1.3651,2352.0,,,True,412.6712937981942,0.9994460600292621,54.97873906076925,-0.02245179013903306,0.033,0.9999999159642694,,15.038616023248553,2026-03-27 03:53:01.778000
XRPUSDT,1598289326.0,1.3651,3.9,,,True,412.87604586090714,0.9994474333121575,54.987897919388885,-0.06716005932107916,0.033,0.9999999160001813,-32555.76060241199,15.043580537925477,2026-03-27 03:53:01.778000
XRPUSDT,1598289327.0,1.3651,7024.9,,,True,413.08083182327516,0.9994488031923991,54.99705511626512,-0.06703804223688062,0.033,0.999999916036108,89.07135126523939,15.048545054291893,2026-03-27 03:53:01.778000
XRPUSDT,1598289328.0,1.3651,7330.1,,,True,413.285651678241,0.9994501696784088,55.00621065250262,-0.06691623124329765,0.033,0.99999991607205,89.14177878156816,15.053509572346323,2026-03-27 03:53:01.778000
XRPUSDT,1598289329.0,1.3651,5536.9,,,True,413.490505420191,0.9994515327785873,55.015364529205414,-0.066794626502723,0.033,0.9999999161080072,89.21188808566139,15.058474092086858,2026-03-27 03:53:01.778000
XRPUSDT,1598289330.0,1.3651,3.7,,,True,413.69539304351446,0.9994528925013151,55.02451674747619,-0.066673227705927,0.033,0.9999999161439797,89.28202369414059,15.063438613512345,2026-03-27 03:53:01.778000
XRPUSDT,1598289331.0,1.3651,4.4,,,True,413.9003145426034,0.9994542488549509,55.03366730841615,-0.06655203454417846,0.033,0.9999999161799672,89.35218555485459,15.068403136620303,2026-03-27 03:53:01.778000
XRPUSDT,1598289332.0,1.3651,3.7,,,True,414.10526991185276,0.9994556018478341,55.04281621312516,-0.06643104670892959,0.033,0.9999999162159682,89.4223737267516,15.073367661410302,2026-03-27 03:53:01.778000
XRPUSDT,1598289333.0,1.3651,1266.6,,,True,414.3102591456602,0.9994569514882822,55.051963462701636,-0.06631026389212197,0.033,0.9999999162519848,89.49258817826964,15.078332187879935,2026-03-27 03:53:01.778000
XRPUSDT,1598289334.0,1.3651,3.7,,,True,414.5152822384259,0.9994582977845935,55.06110905824262,-0.06618968578590957,0.033,0.9999999162880157,89.56282892433595,15.083296716027379,2026-03-27 03:53:01.778000
XRPUSDT,1598289335.0,1.3651,7.4,,,True,414.7203391845534,0.9994596407450446,55.07025300084374,-0.06606931208292585,0.033,0.999999916324061,89.63309596202521,15.088261245852028,2026-03-27 03:53:01.778000
XRPUSDT,1598289336.0,1.3651,1296.3,,,True,414.92542997844845,0.9994609803778924,55.079395291599255,-0.06594914247612224,0.033,0.9999999163601201,89.70338924899657,15.093225777351433,2026-03-27 03:53:01.778000
XRPUSDT,1598289337.0,1.3651,5.5,,,True,415.1305546145199,0.9994623166913731,55.08853593160198,-0.06582917665873023,0.033,0.9999999163961938,89.77370888586096,15.098190310524167,2026-03-27 03:53:01.778000
XRPUSDT,1598289338.0,1.3651,2524.6,,,True,415.3357130871791,0.9994636496937027,55.09767492194342,-0.06570941432436445,0.033,0.9999999164322814,89.84405481056885,15.103154845369096,2026-03-27 03:53:01.778000
XRPUSDT,1598289339.0,1.3651,3.9,,,True,415.5409053908405,0.999464979393077,55.106812263713636,-0.06558985516707624,0.033,0.9999999164683829,89.91442697593428,15.108119381884158,2026-03-27 03:53:01.778000
XRPUSDT,1598289340.0,1.3651,3.9,,,True,415.7461315199212,0.999466305797671,55.1159479580013,-0.06547049888116688,0.033,0.9999999165044978,89.98482547851395,15.113083920067554,2026-03-27 03:53:01.778000
XRPUSDT,1598289341.0,1.3651,73.2,,,True,415.951391468841,0.9994676289156402,55.12508200589373,-0.06535134516132854,0.033,0.9999999165406264,90.05525025973995,15.118048459918251,2026-03-27 03:53:01.778000
XRPUSDT,1598289342.0,1.3651,73.2,,,True,416.15668523202237,0.9994689487551198,55.13421440847684,-0.06523239370258453,0.033,0.9999999165767686,90.12570133177573,15.12301300143429,2026-03-27 03:53:01.778000
XRPUSDT,1598289343.0,1.3651,400.0,,,True,416.3620128038907,0.9994702653242244,55.14334516683519,-0.06511364420033448,0.033,0.999999916612924,90.19617871391951,15.127977544614158,2026-03-27 03:53:01.778000
XRPUSDT,1598289344.0,1.3651,200.0,,,True,416.56737417887416,0.9994715786310494,55.15247428205194,-0.06499509635032004,0.033,0.9999999166490929,90.26668236367026,15.132942089456767,2026-03-27 03:53:01.778000
XRPUSDT,1598289345.0,1.3651,201.0,,,True,416.77276935140367,0.9994728886836692,55.1616017552089,-0.06487674984863176,0.033,0.9999999166852749,90.33721233554694,15.137906635959693,2026-03-27 03:53:01.778000
XRPUSDT,1598289346.0,1.3651,1454.4,,,True,416.9781983159128,0.9994741954901392,55.17072758738649,-0.06475860439169251,0.033,0.9999999167214696,90.4077686009793,15.142871184121667,2026-03-27 03:53:01.778000
XRPUSDT,1598289347.0,1.3651,3.7,,,True,417.18366106683766,0.9994754990584943,55.17985177966376,-0.06464065967629343,2.507,0.9999999167576777,90.47835116066543,15.147837878594743,2026-03-27 03:53:04.285000
XRPUSDT,1598289348.0,1.3651,3.9,,,True,417.38921523034105,0.9994767993967499,55.1889743631374,-0.06454094690835768,2.507,0.9999999167940238,76.68217673686749,15.152804570116846,2026-03-27 03:53:04.285000
XRPUSDT,1598289349.0,1.3651,3.9,,,True,417.59480306473574,0.9994780965129016,55.198095308661735,-0.06442329847822156,2.507,0.9999999168303596,90.69999628095752,15.15777125869248,2026-03-27 03:53:04.285000
XRPUSDT,1598289350.0,1.3651,3.9,,,True,417.8004245645772,0.9994793904149245,55.20721461731275,-0.06430585031563735,2.507,0.9999999168666833,90.77052242699018,15.16273794432958,2026-03-27 03:53:04.285000
XRPUSDT,1598289351.0,1.3651,3.9,,,True,418.0060797244762,0.9994806811107753,55.21633229016506,-0.06418860213374815,2.507,0.9999999169029972,90.841062068025,15.167704627034803,2026-03-27 03:53:04.285000
XRPUSDT,1598289352.0,1.3651,2390.6,,,True,418.2117685390467,0.9994819686083901,55.225448328291996,-0.06407155362939372,2.507,0.9999999169392986,90.911628110191,15.172671306815044,2026-03-27 03:53:04.285000
XRPUSDT,1598289353.0,1.3651,3.9,,,True,418.41749100290434,0.9994832529156853,55.23456273276542,-0.06395470449976161,2.507,0.9999999169755898,90.98222058745958,15.17763798367725,2026-03-27 03:53:04.285000
XRPUSDT,1598289354.0,1.3651,3.9,,,True,418.6232471106676,0.9994845340405586,55.24367550465592,-0.0638380544424014,2.507,0.9999999170118693,91.05283941597074,15.182604657628985,2026-03-27 03:53:04.285000
XRPUSDT,1598289355.0,1.3651,3.8,,,True,418.82903685695754,0.9994858119908873,55.25278664503273,-0.06372160315526473,2.507,0.9999999170481381,91.12348463322736,15.187571328676299,2026-03-27 03:53:04.285000
XRPUSDT,1598289356.0,1.3651,3.8,,,True,419.0348602363977,0.9994870867745299,55.26189615496368,-0.06360535033662354,2.507,0.999999917084396,91.19415620980531,15.192537996826873,2026-03-27 03:53:04.285000
XRPUSDT,1598289357.0,1.3651,55.8,,,True,419.2407172436142,0.9994883583993251,55.271004035515276,-0.06348929568503399,2.507,0.9999999171206426,91.26485424311451,15.197504662087429,2026-03-27 03:53:04.285000
XRPUSDT,1598289358.0,1.3651,433.0,,,True,419.44660787323556,0.9994896268730925,55.28011028775268,-0.06337343889956122,2.507,0.9999999171568781,91.33557859389698,15.202471324464678,2026-03-27 03:53:04.285000
XRPUSDT,1598289359.0,1.3651,1692.9,,,True,419.6525321198927,0.999490892203632,55.28921491273971,-0.06325777967949246,2.507,0.9999999171931027,91.40632938360389,15.207437983965628,2026-03-27 03:53:04.285000
XRPUSDT,1598289360.0,1.3651,3.7,,,True,419.85848997821944,0.9994921543987244,55.29831791153883,-0.06314231772454976,2.507,0.9999999172293162,91.47710653757075,15.212404640597256,2026-03-27 03:53:04.285000
XRPUSDT,1598289361.0,1.3651,3.9,,,True,420.0644814428519,0.9994934134661315,55.30741928521117,-0.06302705273476805,2.507,0.9999999172655185,91.54791008860701,15.217371294366584,2026-03-27 03:53:04.285000
XRPUSDT,1598289362.0,1.3651,3.9,,,True,420.27050650842824,0.999494669413596,55.31651903481652,-0.06291198441049126,2.507,0.9999999173017107,91.61874006014135,15.222337945280135,2026-03-27 03:53:04.285000
XRPUSDT,1598289363.0,1.365,718.6,,,True,420.339091070192,0.999494669413596,55.32554808490271,-0.021004865697020016,2.507,0.9999999172851776,,15.227304592654745,2026-03-27 03:53:04.285000
XRPUSDT,1598289364.0,1.365,1565.1,,,True,420.54516087053275,0.9994959222488408,55.33464474944889,-0.0628107469903291,2.507,0.9999999173213848,-33369.01756863064,15.232271241731178,2026-03-27 03:53:04.285000
XRPUSDT,1598289365.0,1.365,3.7,,,True,420.7512643627387,0.9994971719795703,55.343739792785044,-0.06269607318203041,2.507,0.9999999173575815,91.75881298705353,15.237237887964545,2026-03-27 03:53:04.285000
XRPUSDT,1598289366.0,1.365,2364.1,,,True,420.95740143799185,0.9994984186134698,55.352833215914366,-0.06258156371660867,2.507,0.9999999173937668,91.85492667324608,15.242204531361958,2026-03-27 03:53:04.285000
XRPUSDT,1598289367.0,1.365,3.7,,,True,421.16357209094133,0.9994996621582054,55.36192501989081,-0.062467249783530174,2.507,0.9999999174299419,91.92587110315569,15.24717117193006,2026-03-27 03:53:04.285000
XRPUSDT,1598289368.0,1.365,3.7,,,True,421.36977631623927,0.9995009026214248,55.37101520576703,-0.062353131084776706,2.507,0.9999999174661047,91.99684196349337,15.252137809675919,2026-03-27 03:53:04.285000
XRPUSDT,1598289369.0,1.365,4.4,,,True,421.57601410853994,0.9995021400107559,55.380103774594296,-0.06223920732282722,2.507,0.9999999175022578,92.06783918790812,15.257104444606117,2026-03-27 03:53:04.285000
XRPUSDT,1598289370.0,1.365,5.5,,,True,421.78228546250057,0.9995033743338084,55.38919072742262,-0.062125478200380224,2.507,0.9999999175383991,92.13886284666836,15.262071076727533,2026-03-27 03:53:04.285000
XRPUSDT,1598289371.0,1.365,7.4,,,True,421.9885903727803,0.9995046055981732,55.39827606530066,-0.0620119434206027,2.507,0.9999999175745297,92.20991285338503,15.26703770604688,2026-03-27 03:53:04.285000
XRPUSDT,1598289372.0,1.365,4.1,,,True,422.1949288340411,0.9995058338114223,55.40735978927574,-0.06189860268690644,2.507,0.9999999176106492,92.28098929796394,15.272004332571163,2026-03-27 03:53:04.285000
XRPUSDT,1598289373.0,1.365,500.2,,,True,422.4013008409472,0.999507058981109,55.416441900393906,-0.06178545570312575,2.507,0.9999999176467578,92.35209212954082,15.276970956306714,2026-03-27 03:53:04.285000
XRPUSDT,1598289374.0,1.365,3.9,,,True,422.6077063881657,0.9995082811147675,55.42552239969985,-0.06167250217347005,2.507,0.9999999176828555,92.42322136409778,15.281937577260727,2026-03-27 03:53:04.285000
XRPUSDT,1598289375.0,1.365,275.0,,,True,422.814145470366,0.9995095002199147,55.434601288237,-0.061559741802446256,2.507,0.9999999177189417,92.49437695014807,15.286904195439446,2026-03-27 03:53:04.285000
XRPUSDT,1598289376.0,1.365,3.9,,,True,423.0206180822195,0.9995107163040472,55.44367856704743,-0.06144717429490336,2.507,0.9999999177550176,92.56555902183757,15.291870810849838,2026-03-27 03:53:04.285000
XRPUSDT,1598289377.0,1.365,3.9,,,True,423.22712421840083,0.9995119293746443,55.45275423717193,-0.061334799356125444,2.507,0.9999999177910824,92.63676742975785,15.29683742349873,2026-03-27 03:53:04.285000
XRPUSDT,1598289378.0,1.365,200.0,,,True,423.4336638735867,0.9995131394391663,55.46182829965,-0.06122261669168075,2.507,0.9999999178271363,92.70800226146216,15.301804033392472,2026-03-27 03:53:04.285000
XRPUSDT,1598289379.0,1.365,400.0,,,True,423.6402370424563,0.9995143465050554,55.470900755519786,-0.06111062600751001,2.507,0.9999999178631798,92.77926348445382,15.306770640538282,2026-03-27 03:53:04.285000
XRPUSDT,1598289380.0,1.365,1010.4,,,True,423.84684371969126,0.9995155505797351,55.47997160581822,-0.06099882700989497,2.507,0.9999999178992114,92.85055113820134,15.311737244942506,2026-03-27 03:53:04.285000
XRPUSDT,1598289381.0,1.365,3.7,,,True,424.05348389997596,0.9995167516706108,55.48904085158084,-0.060887219405500195,2.507,0.9999999179352322,92.92186515394181,15.316703846611468,2026-03-27 03:53:04.285000
XRPUSDT,1598289382.0,1.365,3.9,,,True,424.26015757799667,0.9995179497850694,55.49810849384193,-0.0607758029013103,2.507,0.9999999179712428,92.99320561262691,15.321670445552284,2026-03-27 03:53:04.285000
XRPUSDT,1598289383.0,1.3649,5.5,,,True,424.32894270348163,0.9995179497850694,55.50710842285886,-0.020287009865852586,0.01,0.9999999179552336,,15.326635011242583,2026-03-27 03:53:04.295000
XRPUSDT,1598289384.0,1.3649,7.4,,,True,424.53560611703114,0.9995191449304796,55.51617298805932,-0.060661618578395415,0.01,0.9999999179911417,-33782.1727533669,15.331599578606282,2026-03-27 03:53:04.295000
XRPUSDT,1598289385.0,1.3649,4.1,,,True,424.7423031163194,0.999520337114192,55.52523595268061,-0.06055064856214484,0.01,0.9999999180270593,93.0813054185761,15.336564147625046,2026-03-27 03:53:04.295000
XRPUSDT,1598289386.0,1.3649,3.7,,,True,424.9490336954826,0.9995215263435387,55.534297317751545,-0.060439868306861044,0.01,0.9999999180629884,93.15297808962758,15.341528718296908,2026-03-27 03:53:04.295000
XRPUSDT,1598289387.0,1.3649,3.9,,,True,425.15579784906026,0.9995227126258344,55.543357084299856,-0.06032927763973388,0.01,0.9999999180989282,93.22457861480918,15.346493290620256,2026-03-27 03:53:04.295000
XRPUSDT,1598289388.0,1.3649,3.9,,,True,425.3625955715946,0.999523895968375,55.552415253351974,-0.060218876270939366,0.01,0.9999999181348784,93.29620545579075,15.351457864593913,2026-03-27 03:53:04.295000
XRPUSDT,1598289389.0,1.3649,3.9,,,True,425.56942685763056,0.9995250763784385,55.56147182593306,-0.060108663910992455,0.01,0.9999999181708391,93.36785864284582,15.356422440215516,2026-03-27 03:53:04.295000
XRPUSDT,1598289390.0,1.3649,17.2,,,True,425.77629170171565,0.9995262538632854,55.57052680306703,-0.05999864027076535,0.01,0.9999999182068096,93.43953810635968,15.361387017484367,2026-03-27 03:53:04.295000
XRPUSDT,1598289391.0,1.365,5.0,,,False,426.1212909147609,0.9995286000862798,55.57964508187745,-0.09958013266853907,4.488,0.9999999182945013,-16870.302820064808,15.366355192654327,2026-03-27 03:53:08.783000
XRPUSDT,1598289392.0,1.365,13.0,,,False,426.3283424955251,0.9995297688388578,55.588696766466555,-0.05968474869112237,0.555,0.9999999183306642,34135.012599447415,15.371320207979542,2026-03-27 03:53:09.338000
XRPUSDT,1598289393.0,1.365,200.0,,,False,426.5353420932035,0.999530934695081,55.597746818851185,-0.05955087703876993,1.33,0.9999999183666158,114.82689690647345,15.376285842792925,2026-03-27 03:53:10.668000
XRPUSDT,1598289394.0,1.3649,51.0,,,True,426.6042241602708,0.999530934695081,55.60673084183107,-0.01987465695513426,0.714,0.9999999183510105,,15.381250985860415,2026-03-27 03:53:11.382000
XRPUSDT,1598289395.0,1.3649,5.0,,,True,426.8112718793166,0.9995320976621199,55.61577786394932,-0.059455603770870946,1.595,0.9999999183870111,-34034.452819430815,15.386216832717865,2026-03-27 03:53:12.977000
XRPUSDT,1598289396.0,1.3649,13.5,,,True,427.0183721350927,0.9995332577471279,55.62482330553713,-0.05935211837371077,1.595,0.9999999184230558,89.20501209085846,15.39118267849324,2026-03-27 03:53:12.977000
XRPUSDT,1598289397.0,1.3649,5.0,,,True,427.22550584852115,0.99953441495724,55.63386715870233,-0.059243351164070146,1.523,0.9999999184590975,93.99089110601875,15.39614846601843,2026-03-27 03:53:14.500000
XRPUSDT,1598289398.0,1.365,3.8,,,False,427.5709285174572,0.999536720781232,55.642973274837246,-0.09831935845872594,4.423,0.9999999185465819,-16946.656566505222,15.40111655226793,2026-03-27 03:53:18.923000
XRPUSDT,1598289399.0,1.365,16.4,,,False,427.7782121881516,0.9995378694092946,55.652013834235106,-0.05892270598008886,0.521,0.99999991858271,34298.87686278494,15.406081543665305,2026-03-27 03:53:19.444000
XRPUSDT,1598289400.0,1.365,160.0,,,False,427.98544549565094,0.9995390151908276,55.66105276998722,-0.058790952322456264,3.268,0.9999999186186309,114.99020872620835,15.411048701152726,2026-03-27 03:53:22.712000
XRPUSDT,1598289401.0,1.365,9.8,,,False,428.1927709762294,0.9995401581328789,55.67009014865089,-0.05869974116432699,15.192,0.9999999186546837,79.80383434375123,15.416025236627688,2026-03-27 03:53:37.904000
XRPUSDT,1598289402.0,1.365,3.7,,,False,428.40038418960023,0.9995412982424788,55.67912606034958,-0.05866367982247388,0.673,0.9999999186912636,31.62971512095682,15.420990345280794,2026-03-27 03:53:38.577000
XRPUSDT,1598289403.0,1.365,3.9,,,False,428.6077210824886,0.9995424355266406,55.68816024826325,-0.058468875944259334,0.673,0.999999918727065,171.28865833980637,15.42595545444149,2026-03-27 03:53:38.577000
XRPUSDT,1598289404.0,1.365,3.9,,,False,428.8150914280166,0.9995435699923593,55.697192855225985,-0.05836165367899063,0.673,0.9999999187628708,94.5134467276937,15.430920564113242,2026-03-27 03:53:38.577000
XRPUSDT,1598289405.0,1.365,3.9,,,False,429.02249522088346,0.9995447016466138,55.7062238822423,-0.058254615614917626,0.673,0.9999999187986803,94.58548284055212,15.435885674296607,2026-03-27 03:53:38.577000
XRPUSDT,1598289406.0,1.365,3.9,,,False,429.22993245572115,0.9995458304963651,55.71525333031542,-0.05814776144896487,0.673,0.999999918834494,94.65756255493508,15.440850784992161,2026-03-27 03:53:38.577000
XRPUSDT,1598289407.0,1.365,380.7,,,False,429.43740312716477,0.9995469565485569,55.72428120044733,-0.058041090898013445,0.673,0.9999999188703113,94.72966860365582,15.44581589620013,2026-03-27 03:53:38.577000
XRPUSDT,1598289408.0,1.365,200.0,,,False,429.64490722985164,0.999548079810116,55.733307493638776,-0.057934603679191315,0.673,0.9999999189061329,94.8018010226405,15.450781007921341,2026-03-27 03:53:38.577000
XRPUSDT,1598289409.0,1.365,790.2,,,False,429.8524447584217,0.9995492002879522,55.742332210889295,-0.05782829951001136,0.001,0.9999999189419579,94.87395978467686,15.45574559912876,2026-03-27 03:53:38.578000
XRPUSDT,1598289410.0,1.3649,7.6,,,True,429.9214770879546,0.9995492002879522,55.75129324880271,-0.019291639872855693,0.049,0.9999999189267509,,15.460710229109166,2026-03-27 03:53:38.627000
XRPUSDT,1598289411.0,1.3649,7.4,,,True,430.12904607878534,0.9995503179889578,55.760314955188825,-0.0577309471059228,0.005,0.999999918962597,-34391.40435859763,15.465674826674393,2026-03-27 03:53:38.632000
XRPUSDT,1598289412.0,1.3649,39.7,,,True,430.33664758431826,0.9995514329200085,55.769335087923025,-0.057624747407660354,0.388,0.99999991899845,95.25225635726228,15.470639721733987,2026-03-27 03:53:39.020000
XRPUSDT,1598289413.0,1.3649,2.6,,,True,430.54429055754764,0.9995525450879625,55.7783536519946,-0.057521204293088435,0.388,0.9999999190343288,93.1002500058356,15.47560461778152,2026-03-27 03:53:39.020000
XRPUSDT,1598289414.0,1.3649,15.6,,,True,430.751966944351,0.9995536544996618,55.787370644793896,-0.05741561242141002,1.207,0.9999999190702136,95.17825686034581,15.480570145173658,2026-03-27 03:53:40.227000
XRPUSDT,1598289415.0,1.365,1493.9,,,False,431.09832960949876,0.9995558650815775,55.796447456893596,-0.0952954646331761,0.021,0.9999999191569623,-17135.69261738164,15.485534761049925,2026-03-27 03:53:40.248000
XRPUSDT,1598289416.0,1.365,283.6,,,False,431.306087388728,0.9995569662653923,55.80546116449605,-0.05708557671159645,0.021,0.9999999191927982,34698.9189343626,15.490499378486708,2026-03-27 03:53:40.248000
XRPUSDT,1598289417.0,1.365,663.4,,,False,431.51387857506853,0.99955806472015,55.81447330414962,-0.05698074819287911,0.021,0.999999919228643,95.43271398451084,15.495463997516532,2026-03-27 03:53:40.248000
XRPUSDT,1598289418.0,1.365,3.8,,,False,431.72170316394596,0.9995591604526077,55.82348387684299,-0.05687610032279649,0.021,0.9999999192644959,95.50494679680016,15.500428618138566,2026-03-27 03:53:40.248000
XRPUSDT,1598289419.0,1.365,3.8,,,False,431.92956114998606,0.9995602534695062,55.832492883563205,-0.05677163260278664,0.021,0.9999999193003559,95.57740613110214,15.505393240351031,2026-03-27 03:53:40.248000
XRPUSDT,1598289420.0,1.365,3.7,,,False,432.13745252781763,0.9995613437775696,55.84150032529612,-0.05666734475449394,0.021,0.9999999193362249,95.64989180075966,15.510357864152557,2026-03-27 03:53:40.248000
XRPUSDT,1598289421.0,1.365,3.9,,,False,432.34537729207193,0.9995624313835054,55.8505062030264,-0.05656323649989618,0.021,0.9999999193721013,95.72240382698327,15.515322489541445,2026-03-27 03:53:40.248000
XRPUSDT,1598289422.0,1.365,3.9,,,False,432.55333543738294,0.9995635162940042,55.8595105177375,-0.05645930756139478,0.021,0.999999919407986,95.79494218098098,15.5202871165161,2026-03-27 03:53:40.248000
XRPUSDT,1598289423.0,1.365,3.9,,,False,432.7613269583871,0.9995645985157406,55.868513270411654,-0.05635555766161595,0.021,0.9999999194438777,95.8675068931234,15.525251745075519,2026-03-27 03:53:40.248000
XRPUSDT,1598289424.0,1.365,3.9,,,False,432.9693518497235,0.9995656780553724,55.87751446202991,-0.056251986523658565,0.021,0.9999999194797772,95.94009789601186,15.53021637521791,2026-03-27 03:53:40.248000
XRPUSDT,1598289425.0,1.365,3.7,,,False,433.1774101060337,0.9995667549195408,55.88651409357209,-0.05614859387081604,0.021,0.9999999195156843,96.01271532405781,15.535181006941615,2026-03-27 03:53:40.248000
XRPUSDT,1598289426.0,1.3651,3.9,,,False,433.52438195751637,0.9995689006479714,55.895571853078195,-0.09318504251545473,0.002,0.9999999196019722,-17260.548034141513,15.540145625967883,2026-03-27 03:53:40.250000
XRPUSDT,1598289427.0,1.3651,3.7,,,False,433.73252874380705,0.9995699695254341,55.90456822890354,-0.055827444433273844,0.002,0.9999999196378572,34950.30944849917,15.545110246599679,2026-03-27 03:53:40.250000
XRPUSDT,1598289428.0,1.3651,7.4,,,False,433.9407088760992,0.9995710357538354,55.91356304790345,-0.055724789311980084,0.002,0.9999999196737492,96.27873461636709,15.550074868839568,2026-03-27 03:53:40.250000
XRPUSDT,1598289429.0,1.3651,366.3,,,False,434.14892234912037,0.9995720993397347,55.922556311052304,-0.055622311260928196,0.002,0.9999999197096485,96.35145701440946,15.555039492685863,2026-03-27 03:53:40.250000
XRPUSDT,1598289430.0,1.3651,150.0,,,False,434.3571691575254,0.9995731602896757,55.931548019323245,-0.05552000998554091,0.002,0.9999999197455547,96.42422458661484,15.5600041181368,2026-03-27 03:53:40.250000
XRPUSDT,1598289431.0,1.3651,268.7,,,False,434.56544929597226,0.9995742186101856,55.9405381736882,-0.05541788521176623,0.002,0.9999999197814685,96.49701845506746,15.564968745190807,2026-03-27 03:53:40.250000
XRPUSDT,1598289432.0,1.3651,1200.0,,,False,434.773762759121,0.9995752743077754,55.94952677511796,-0.055315936665786256,0.001,0.9999999198173888,96.56983871690832,15.569933373104869,2026-03-27 03:53:40.251000
XRPUSDT,1598289433.0,1.3651,516.2,,,False,434.9821095214076,0.9995763273889405,55.95851382457358,-0.05521415873265871,0.001,0.999999919853316,96.64775754696781,15.574898002620278,2026-03-27 03:53:40.251000
XRPUSDT,1598289434.0,1.3651,3.7,,,False,435.1904895977614,0.9995773778601597,55.96749932303206,-0.05511256185341635,0.001,0.9999999198892505,96.71552860563413,15.579862633736298,2026-03-27 03:53:40.251000
XRPUSDT,1598289435.0,1.3651,3.7,,,False,435.39890298285036,0.999578425727896,55.97648327146061,-0.055011140382542095,0.001,0.9999999199251915,96.78842792379444,15.584827266450658,2026-03-27 03:53:40.251000
XRPUSDT,1598289436.0,1.3651,3.7,,,False,435.60734967134493,0.9995794709985965,55.985465670825285,-0.05490989404760159,0.001,0.9999999199611391,96.86135361676946,15.589791900762341,2026-03-27 03:53:40.251000
XRPUSDT,1598289437.0,1.3651,3.7,,,False,435.81582965791824,0.999580513678692,55.99444652209096,-0.05480882257650889,0.001,0.9999999199970928,96.93430566042645,15.5947565366699,2026-03-27 03:53:40.251000
XRPUSDT,1598289438.0,1.3651,3.7,,,False,436.02434293724576,0.9995815537745982,56.00342582622133,-0.054707925697509124,0.001,0.9999999200330535,97.00728404015369,15.599721174171117,2026-03-27 03:53:40.251000
XRPUSDT,1598289439.0,1.3652,3.9,,,False,436.3720581263459,0.9995836262394232,56.01246135392153,-0.09078996191792008,0.001,0.9999999201188752,-17410.20440278413,15.604685813265673,2026-03-27 03:53:40.251000
XRPUSDT,1598289440.0,1.3652,3.7,,,False,436.5806601340751,0.9995846586210934,56.02143743273589,-0.054394699598649475,0.001,0.9999999201548123,35253.68899073668,15.609650453949339,2026-03-27 03:53:40.251000
XRPUSDT,1598289441.0,1.3652,8.0,,,False,436.78929541503703,0.9995856884440764,56.03041196760625,-0.0542945233835847,0.001,0.999999920190755,97.27517905346032,15.61461509622286,2026-03-27 03:53:40.251000
XRPUSDT,1598289442.0,1.3652,649.7,,,False,436.99796396395556,0.9995867157147086,56.03938495949097,-0.054194520363737654,0.001,0.9999999202267044,97.34827095211287,15.619579740084456,2026-03-27 03:53:40.251000
XRPUSDT,1598289443.0,1.3651,401.7,,,True,437.06740853893757,0.9995867157147086,56.04829917349117,-0.018088233272496482,0.658,0.9999999202129497,,15.624544862140334,2026-03-27 03:53:40.909000
XRPUSDT,1598289444.0,1.3651,6.0,,,True,437.2761344858815,0.9995877404393106,56.057269220327804,-0.0541095597790109,0.259,0.999999920248975,-35152.2022932408,15.629509696244373,2026-03-27 03:53:41.168000
XRPUSDT,1598289445.0,1.3652,9.1,,,False,437.62418730091275,0.9995897822756287,56.066294694204935,-0.08979253151372732,1.526,0.9999999203346209,-17475.921757169075,15.634475449602244,2026-03-27 03:53:42.694000
XRPUSDT,1598289446.0,1.3652,5.0,,,False,437.83301905778416,0.9995907993999078,56.075261535989604,-0.053803976034143906,1.387,0.9999999203706511,35382.653052195456,15.639441099460777,2026-03-27 03:53:44.081000
XRPUSDT,1598289447.0,1.3651,236.0,,,True,437.9025354086402,0.9995907993999078,56.08417013156658,-0.017962316531427124,3.204,0.9999999203571046,,15.644408056846611,2026-03-27 03:53:47.285000
XRPUSDT,1598289448.0,1.3651,5.0,,,True,438.1114443755372,0.9995918140032835,56.09313404264169,-0.05372461888909054,3.716,0.9999999203932305,-35247.568868771916,15.649375384627698,2026-03-27 03:53:51.001000
XRPUSDT,1598289449.0,1.3652,11.7,,,False,438.45978671167023,0.9995938356722797,56.10215286502104,-0.08914962403295261,5.19,0.9999999204788528,-17522.653416689143,15.654343769204798,2026-03-27 03:53:56.191000
XRPUSDT,1598289450.0,1.3651,309.2,,,True,438.5294110491001,0.9995938356722797,56.11105727536144,-0.017882274453299252,1.152,0.9999999204655305,,15.659309246339486,2026-03-27 03:53:57.343000
XRPUSDT,1598289451.0,1.3651,9.8,,,True,438.73837914215613,0.9995948427503399,56.120016562658215,-0.05341759953865849,0.131,0.9999999205015017,-35285.5716820578,15.664273993655202,2026-03-27 03:53:57.474000
XRPUSDT,1598289452.0,1.3652,5.3,,,False,439.08681686817766,0.999596849424568,56.12903036015606,-0.08863936288731031,12.003,0.999999920586812,-17552.307622776483,15.669247233959945,2026-03-27 03:54:09.477000
XRPUSDT,1598289453.0,1.3651,43.7,,,True,439.1566072008787,0.999596849424568,56.13793061393383,-0.01781727359906783,1.97,0.9999999205738482,,15.67421329081893,2026-03-27 03:54:11.447000
XRPUSDT,1598289454.0,1.3652,800.0,,,False,439.50519134140103,0.9995988461640719,56.146941100869405,-0.08832150093090589,0.682,0.9999999206590875,-35309.67719721824,15.67917843183712,2026-03-27 03:54:12.129000
XRPUSDT,1598289455.0,1.3652,512.3,,,False,439.71430506204825,0.9995998408236699,56.15589412526478,-0.05291312949437435,0.682,0.9999999206949182,35598.48163838472,15.684143572331243,2026-03-27 03:54:12.129000
XRPUSDT,1598289456.0,1.3652,7.4,,,False,439.92345192787815,0.9996008330179974,56.164845619926126,-0.05281549795379935,0.682,0.9999999207307498,98.3996157520509,15.689108713352628,2026-03-27 03:54:12.129000
XRPUSDT,1598289457.0,1.3652,73.2,,,False,440.1326319580604,0.9996018227531602,56.17379558580447,-0.05271804183997268,0.682,0.999999920766582,98.46686011272878,15.694073854901633,2026-03-27 03:54:12.129000
XRPUSDT,1598289458.0,1.3652,73.2,,,False,440.3418451473621,0.9996028100352482,56.18274402383997,-0.052620754722028394,0.682,0.9999999208024144,98.54034538814874,15.699038996978826,2026-03-27 03:54:12.129000
XRPUSDT,1598289459.0,1.3652,4.1,,,False,440.55109149055227,0.9996037948703365,56.19169093497162,-0.052523636335377225,0.682,0.9999999208382472,98.61385709048766,15.704004139585106,2026-03-27 03:54:12.129000
XRPUSDT,1598289460.0,1.3652,3.7,,,False,440.760370982403,0.9996047772644853,56.200636320137335,-0.05242668641586516,0.682,0.9999999208740802,98.68739510486338,15.708969282720576,2026-03-27 03:54:12.129000
XRPUSDT,1598289461.0,1.3652,2254.7,,,False,440.96968361768836,0.9996057572237397,56.209580180273825,-0.052329904699539374,0.682,0.9999999209099137,98.76095959115948,15.713934426385604,2026-03-27 03:54:12.129000
XRPUSDT,1598289462.0,1.3652,3.9,,,False,441.1790293911851,0.99960673475413,56.21852251631673,-0.0522332909228814,0.682,0.9999999209457476,98.83455043100118,15.718899570580794,2026-03-27 03:54:12.129000
XRPUSDT,1598289463.0,1.3652,1692.9,,,False,441.3884082976723,0.9996077098616715,56.22746332920059,-0.05213684482270758,0.682,0.9999999209815815,98.90816763293515,15.723864715306904,2026-03-27 03:54:12.129000
XRPUSDT,1598289464.0,1.3652,3.9,,,False,441.5978203319317,0.9996086825523646,56.23640261985876,-0.0520405661361495,0.682,0.9999999210174151,98.9818112179711,15.72882986056411,2026-03-27 03:54:12.129000
XRPUSDT,1598289465.0,1.3652,3.9,,,False,441.80726548874713,0.9996096528321946,56.24534038922348,-0.05194445460062662,0.682,0.9999999210532496,99.05548126173889,15.73379500635284,2026-03-27 03:54:12.129000
XRPUSDT,1598289466.0,1.3652,3.9,,,False,442.01674376290515,0.9996106207071328,56.2542766382259,-0.05184850995394555,0.682,0.9999999210890845,99.12917763933001,15.738760152673558,2026-03-27 03:54:12.129000
XRPUSDT,1598289467.0,1.3652,1325.1,,,False,442.2262551491949,0.9996115861831347,56.26321136779606,-0.05175273193429629,0.682,0.999999921124918,99.20290039151111,15.74372529952694,2026-03-27 03:54:12.129000
XRPUSDT,1598289468.0,1.3652,37.8,,,False,442.4357996424077,0.9996125492661422,56.27214457886285,-0.05165712028006731,0.682,0.9999999211607519,99.27664956073137,15.74869044691346,2026-03-27 03:54:12.129000
XRPUSDT,1598289469.0,1.3652,400.0,,,False,442.6453772373372,0.9996135099620812,56.28107627235406,-0.05156167473009814,0.682,0.999999921196586,99.35042513684368,15.75365559483313,2026-03-27 03:54:12.129000
XRPUSDT,1598289470.0,1.3651,53.1,,,True,442.71513401466,0.9996135099620812,56.28995269232475,-0.01721159869926158,0.557,0.9999999211836813,,15.758620656868269,2026-03-27 03:54:12.686000
XRPUSDT,1598289471.0,1.3652,800.0,,,False,443.0646293417959,0.9996154242163882,56.2989351094079,-0.08558314316237428,0.488,0.9999999212682479,-35717.0644541115,15.763585672927345,2026-03-27 03:54:13.174000
XRPUSDT,1598289472.0,1.3652,200.0,,,False,443.2743025586873,0.9996163777865359,56.30786225433525,-0.05127544331529532,0.488,0.9999999213040736,35978.16052511414,15.768550689081046,2026-03-27 03:54:13.174000
XRPUSDT,1598289473.0,1.3652,400.0,,,False,443.4840088462498,0.9996173289931757,56.316787885390085,-0.05118066065644223,0.488,0.9999999213399006,99.64465646944109,15.773515706057841,2026-03-27 03:54:13.174000
XRPUSDT,1598289474.0,1.3652,320.2,,,False,443.6937482162731,0.9996182778421613,56.32571200350113,-0.051086046927626985,1.421,0.9999999213757288,99.71421190375395,15.778481363233103,2026-03-27 03:54:14.595000
XRPUSDT,1598289475.0,1.3651,21.7,,,True,443.7635740707321,0.9996182778421613,56.33458148017708,-0.017056471817313554,1.324,0.9999999213630337,,15.783446953213401,2026-03-27 03:54:15.919000
XRPUSDT,1598289476.0,1.3652,5.0,,,False,444.1133593982922,0.9996201684905118,56.34355571713836,-0.08479850204874255,2.662,0.9999999214474489,-35830.05280274691,15.788413460537619,2026-03-27 03:54:18.581000
XRPUSDT,1598289477.0,1.3651,135.1,,,True,444.1832305900426,0.9996201684905118,56.35242242761772,-0.01699908316250967,0.636,0.9999999214348636,,15.793378580685626,2026-03-27 03:54:19.217000
XRPUSDT,1598289478.0,1.3652,15.0,,,False,444.5331131759205,0.9996220497781282,56.361393393802096,-0.08448200561345745,1.745,0.9999999215191627,-35870.6036568939,15.798344458531249,2026-03-27 03:54:20.962000
XRPUSDT,1598289479.0,1.3651,5.0,,,True,444.60298912455687,0.9996220497781282,56.37025732526848,-0.016932074093369446,3.339,0.9999999215065989,,15.803311414352503,2026-03-27 03:54:24.301000
XRPUSDT,1598289480.0,1.3652,11.6,,,False,444.953032147454,0.999623921751321,56.37922504925221,-0.08418177542762167,1.476,0.9999999215909227,-35924.500197567344,15.808277107097123,2026-03-27 03:54:25.777000
XRPUSDT,1598289481.0,1.3652,7.5,,,False,445.16302131633324,0.9996248542594182,56.38813860920527,-0.05043266473734942,5.218,0.9999999216267399,36191.76154305881,15.81324532839144,2026-03-27 03:54:30.995000
XRPUSDT,1598289482.0,1.3652,94.7,,,False,445.37311284467665,0.9996257844561722,56.397050689350124,-0.050355898656319564,0.175,0.9999999216626955,82.52671350891232,15.818210138467016,2026-03-27 03:54:31.170000
XRPUSDT,1598289483.0,1.3652,45.0,,,False,445.58314387225226,0.9996267123473079,56.40596122987064,-0.050240376668270116,0.543,0.9999999216984266,124.4995060349568,15.82317519784436,2026-03-27 03:54:31.713000
XRPUSDT,1598289484.0,1.3651,7.2,,,True,445.65305244094134,0.9996267123473079,56.41481823289584,-0.016770615784737562,0.08,0.999999921685934,,15.82813994647933,2026-03-27 03:54:31.793000
XRPUSDT,1598289485.0,1.3651,311.4,,,True,445.86312578944444,0.999627637938536,56.42372588690809,-0.05015750955365422,1.583,0.9999999217216988,-36070.88394430825,15.833105707749676,2026-03-27 03:54:33.376000
XRPUSDT,1598289486.0,1.3652,389.3,,,False,446.21346621174064,0.99962948224404,56.43268384392018,-0.08324352694404615,1.104,0.9999999218056934,-17939.55357120582,15.838071146845484,2026-03-27 03:54:34.480000
XRPUSDT,1598289487.0,1.3652,70.7,,,False,446.4236464913716,0.9996304009696668,56.44158838110208,-0.04987349309607397,3.662,0.999999921841459,36322.08885290519,15.843038295552047,2026-03-27 03:54:38.142000
XRPUSDT,1598289488.0,1.3651,15.0,,,True,446.4936563994463,0.9996304009696668,56.450439880608116,-0.016660344306539853,3.207,0.9999999218292194,,15.848005135986394,2026-03-27 03:54:41.349000
XRPUSDT,1598289489.0,1.3651,155.0,,,True,446.7039191469409,0.9996313174180869,56.459341552111866,-0.04980062369578404,3.316,0.9999999218650761,-36161.641686030736,15.852972050738764,2026-03-27 03:54:44.665000
XRPUSDT,1598289490.0,1.3652,29.4,,,False,447.0545111729131,0.9996331435058546,56.468293041222026,-0.08263602273140844,2.338,0.9999999219489475,-17981.281959750497,15.857938310860384,2026-03-27 03:54:47.003000
XRPUSDT,1598289491.0,1.3652,9.1,,,False,447.264845941783,0.9996340531564406,56.47719159124218,-0.049510293990774897,0.183,0.9999999219847012,36415.88237466578,15.862903134731557,2026-03-27 03:54:47.186000
XRPUSDT,1598289492.0,1.3652,109.8,,,False,447.4751742583631,0.9996349605522976,56.48608863033402,-0.04940933801860503,3.119,0.9999999220203619,111.25901820041543,15.867869905915725,2026-03-27 03:54:50.305000
XRPUSDT,1598289493.0,1.3651,81.4,,,True,447.5452288279977,0.9996349605522976,56.49493323423471,-0.01650417566279843,0.375,0.9999999220082133,,15.872834858653526,2026-03-27 03:54:50.680000
XRPUSDT,1598289494.0,1.3652,5.0,,,False,447.8959868015369,0.9996367686021491,56.5038782431683,-0.08201280022061018,0.375,0.999999922091788,-36231.647320633856,15.877799812993748,2026-03-27 03:54:50.680000
XRPUSDT,1598289495.0,1.3651,832.4,,,True,447.96601343846754,0.9996367686021491,56.51272007669184,-0.016431392539392395,0.014,0.999999922079591,,15.882764529827785,2026-03-27 03:54:50.694000
XRPUSDT,1598289496.0,1.3651,524.6,,,True,448.1764486665363,0.9996376692672716,56.521611255316124,-0.04914478008260698,0.014,0.999999922115266,-36321.365984539254,15.887729248183547,2026-03-27 03:54:50.694000
XRPUSDT,1598289497.0,1.3651,3.7,,,True,448.3869168778226,0.9996385676999209,56.530500941658595,-0.04905371670241451,0.014,0.9999999221509454,101.35804867040747,15.89269396803988,2026-03-27 03:54:50.694000
XRPUSDT,1598289498.0,1.3651,3.9,,,True,448.59741806668455,0.9996394639056264,56.53938913661588,-0.04896281211204141,0.014,0.9999999221866263,101.43272890537489,15.897658689394436,2026-03-27 03:54:50.694000
XRPUSDT,1598289499.0,1.3651,3.9,,,True,448.8079522279504,0.9996403578899045,56.54827584108366,-0.04887206616916252,0.014,0.9999999222223103,101.50731406244913,15.902623412246314,2026-03-27 03:54:50.694000
XRPUSDT,1598289500.0,1.3651,3.9,,,True,449.0185193564514,0.999641249658257,56.55716105595656,-0.04878147862273297,0.014,0.9999999222579968,101.58192559316815,15.907588136594603,2026-03-27 03:54:50.694000
XRPUSDT,1598289501.0,1.3651,3.9,,,True,449.22911944702065,0.9996421392161732,56.56604478212818,-0.04869104922192927,0.014,0.9999999222936857,101.65656350770048,15.91255286243708,2026-03-27 03:54:50.694000
XRPUSDT,1598289502.0,1.3651,1426.0,,,True,449.4397524944942,0.9996430265691274,56.57492702049102,-0.04860077771640533,0.014,0.9999999223293761,101.73122779834566,15.917517589772883,2026-03-27 03:54:50.694000
XRPUSDT,1598289503.0,1.3651,3464.6,,,True,449.65041849370994,0.9996439117225818,56.583807771936534,-0.04851066385597448,0.424,0.9999999223650694,101.80591848868215,15.922482585365609,2026-03-27 03:54:51.118000
XRPUSDT,1598289504.0,1.3652,9.2,,,False,450.001726456973,0.9996456754527698,56.59273671251043,-0.08050547073834308,0.507,0.9999999224483165,-18140.420286440676,15.927447635878023,2026-03-27 03:54:51.625000
XRPUSDT,1598289505.0,1.3652,856.5,,,False,450.2124890822669,0.9996465540403588,56.60161438054728,-0.04823321088318916,4.22,0.9999999224839946,36731.97784564352,15.932415088914532,2026-03-27 03:54:55.845000
XRPUSDT,1598289506.0,1.3652,11.6,,,False,450.42335069583663,0.9996474304501595,56.610490587777015,-0.04815877228047541,0.514,0.9999999225198075,84.93584012982959,15.937380144080032,2026-03-27 03:54:56.359000
XRPUSDT,1598289507.0,1.3651,5.0,,,True,450.493511773898,0.9996474304501595,56.619315961402464,-0.016070039798370267,0.042,0.999999922508031,,15.942344895755078,2026-03-27 03:54:56.401000
XRPUSDT,1598289508.0,1.3651,195.0,,,True,450.7043429350113,0.9996483046875659,56.62818929167807,-0.048062513862022135,0.115,0.9999999225437021,-36594.72109861534,15.947309695994273,2026-03-27 03:54:56.516000
XRPUSDT,1598289509.0,1.3651,400.0,,,True,450.915208312153,0.9996491767579596,56.63706114081504,-0.04797363392326573,0.115,0.999999922579378,101.91830774320407,15.95227449757676,2026-03-27 03:54:56.516000
XRPUSDT,1598289510.0,1.3651,476.0,,,True,451.12610660167417,0.9996500466667076,56.64593150924162,-0.047884614324987286,0.115,0.9999999226150545,102.33211067189788,15.957239300501303,2026-03-27 03:54:56.516000
XRPUSDT,1598289511.0,1.3651,14.8,,,True,451.33703779843745,0.999650914419165,56.65480039784096,-0.04779575039291427,3.005,0.9999999226507322,102.40700711585097,15.962205957423604,2026-03-27 03:54:59.521000
XRPUSDT,1598289512.0,1.3651,19.7,,,True,451.5480528953408,0.9996517800206725,56.66366782517997,-0.04771853399714174,0.681,0.9999999226865156,89.20547746975002,15.967171124618616,2026-03-27 03:55:00.202000
XRPUSDT,1598289513.0,1.3651,732.5,,,True,451.75905985422565,0.9996526434765581,56.67253376017255,-0.04762070597573464,0.517,0.9999999227221984,113.2982275406454,15.972136187624681,2026-03-27 03:55:00.719000
XRPUSDT,1598289514.0,1.3651,7.3,,,True,451.9700968023157,0.9996535047921371,56.68139821696245,-0.047531647117188935,0.517,0.9999999227578734,103.39863891948924,15.977101251412556,2026-03-27 03:55:00.719000
XRPUSDT,1598289515.0,1.3651,3.9,,,True,452.18116662407306,0.9996543639727105,56.69026119743081,-0.04744339412926567,0.517,0.9999999227935471,102.7176249793182,15.982066315982474,2026-03-27 03:55:00.719000
XRPUSDT,1598289516.0,1.3651,3.9,,,True,452.39226931439435,0.9996552210235672,56.699122702455654,-0.04735529561563278,0.517,0.9999999228292192,102.79263236393567,15.9870313813345,2026-03-27 03:55:00.719000
XRPUSDT,1598289517.0,1.3651,3.7,,,True,452.603404868178,0.9996560759499827,56.70798273291398,-0.047267351330451235,0.517,0.9999999228648899,102.86766624817801,15.991996447468127,2026-03-27 03:55:00.719000
XRPUSDT,1598289518.0,1.3651,3.9,,,True,452.81457328032474,0.9996569287572192,56.716841289681824,-0.04717956102827134,0.517,0.9999999229005584,102.94272658925735,15.996961514383944,2026-03-27 03:55:00.719000
XRPUSDT,1598289519.0,1.3651,3.9,,,True,453.0257745457379,0.999657779450526,56.72569837363409,-0.047091924463998625,0.517,0.9999999229362255,103.01781332055359,16.001926582081346,2026-03-27 03:55:00.719000
XRPUSDT,1598289520.0,1.3651,3.9,,,True,453.2370086593227,0.9996586280351398,56.73455398564474,-0.04700444139282091,0.517,0.9999999229718906,103.09292645079769,16.006891650560828,2026-03-27 03:55:00.719000
XRPUSDT,1598289521.0,1.3651,3.9,,,True,453.44827561598726,0.9996594745162841,56.74340812658665,-0.046917111570292325,0.517,0.999999923007554,103.16806596069776,16.011856719821697,2026-03-27 03:55:00.719000
XRPUSDT,1598289522.0,1.3651,8.0,,,True,453.65957541064165,0.999660318899169,56.75226079733174,-0.04682993475222962,0.517,0.9999999230432154,103.24323198445535,16.01682178986434,2026-03-27 03:55:00.719000
XRPUSDT,1598289523.0,1.3651,3.8,,,True,453.8709080381986,0.9996611611889923,56.76111199875088,-0.04674291069487544,0.517,0.9999999230788753,103.31842430415719,16.02178686068899,2026-03-27 03:55:00.719000
XRPUSDT,1598289524.0,1.3651,3.8,,,True,454.082273493573,0.9996620013909392,56.76996173171392,-0.046656039154668955,0.517,0.9999999231145327,103.39364307167799,16.02675193229486,2026-03-27 03:55:00.719000
XRPUSDT,1598289525.0,1.3651,2000.0,,,True,454.293671771682,0.999662839510181,56.77880999708969,-0.04656931988845873,0.517,0.9999999231501887,103.46888829973514,16.031717004682346,2026-03-27 03:55:00.719000
XRPUSDT,1598289526.0,1.3651,11.5,,,True,454.5051028674455,0.9996636755518773,56.78765679574601,-0.046482752653389185,0.517,0.9999999231858417,103.54415987968439,16.03668207785163,2026-03-27 03:55:00.719000
XRPUSDT,1598289527.0,1.3651,3.9,,,True,454.7165667757853,0.9996645095211744,56.796502128549704,-0.046396337206920324,0.517,0.9999999232214927,103.61945790209889,16.04164715180205,2026-03-27 03:55:00.719000
XRPUSDT,1598289528.0,1.365,3.7,,,True,454.78693635568624,0.9996645095211744,56.805298903420855,-0.015483464530756424,0.517,0.9999999232103993,,16.046612226434437,2026-03-27 03:55:00.719000
XRPUSDT,1598289529.0,1.365,3.9,,,True,454.99844401973706,0.9996653414232056,56.81414141652886,-0.04631965601384656,0.517,0.9999999232460806,-37067.09483124346,16.051577302545244,2026-03-27 03:55:00.719000
XRPUSDT,1598289530.0,1.365,3.7,,,True,455.20998450093214,0.9996661712630925,56.8229824661323,-0.04623352621601836,0.517,0.9999999232817597,103.79086277487208,16.056542379436074,2026-03-27 03:55:00.719000
XRPUSDT,1598289531.0,1.365,3.7,,,True,455.4215577777733,0.9996669990459431,56.83182205308904,-0.046147543932895954,0.517,0.9999999233174364,103.87057796645377,16.061507457107002,2026-03-27 03:55:00.719000
XRPUSDT,1598289532.0,1.365,2394.7,,,True,455.6331638451926,0.999667824776853,56.84066017826142,-0.04606171251553073,0.517,0.9999999233531107,103.94599056333405,16.06647253555759,2026-03-27 03:55:00.719000
XRPUSDT,1598289533.0,1.365,4936.0,,,True,455.8448026981247,0.9996686484609052,56.84949684251079,-0.04597603172288503,0.001,0.9999999233887822,104.02142959817056,16.071437296666563,2026-03-27 03:55:00.720000
XRPUSDT,1598289534.0,1.365,7.4,,,True,456.0564655457508,0.9996694701031703,56.85833204380545,-0.045888603232677044,0.001,0.9999999234244336,106.40700207387452,16.076402059244945,2026-03-27 03:55:00.720000
XRPUSDT,1598289535.0,1.365,73.2,,,True,456.26816118502137,0.9996702897087063,56.86716578591642,-0.045803234128051595,0.001,0.9999999234600849,104.15877013539439,16.081366823291695,2026-03-27 03:55:00.720000
XRPUSDT,1598289536.0,1.365,183.2,,,True,456.4798896108514,0.9996711072825586,56.875998069701964,-0.045718014877835014,0.001,0.9999999234957369,104.23431470854032,16.086331588805546,2026-03-27 03:55:00.720000
XRPUSDT,1598289537.0,1.365,3.9,,,True,456.6916508181583,0.99967192282976,56.88482889601929,-0.04563294524241583,0.001,0.9999999235313882,104.30988576647331,16.0912963557847,2026-03-27 03:55:00.720000
XRPUSDT,1598289538.0,1.365,3.9,,,True,456.9034448018617,0.9996727363553309,56.89365826572465,-0.04554802498263094,0.001,0.9999999235670405,104.38548316318258,16.096261124228313,2026-03-27 03:55:00.720000
XRPUSDT,1598289539.0,1.365,3.7,,,True,457.11527155688407,0.9996735478642798,56.90248617967332,-0.04546325385954213,0.001,0.9999999236026922,104.46110694453003,16.101225894134608,2026-03-27 03:55:00.721000
XRPUSDT,1598289540.0,1.365,2122.1,,,True,457.32713107814993,0.9996743573616018,56.91131263871952,-0.04537863163456386,0.001,0.9999999236383434,104.53675716012654,16.106190665502307,2026-03-27 03:55:00.721000
XRPUSDT,1598289541.0,1.365,17.5,,,False,457.5390233605859,0.9996751648522807,56.92013764371653,-0.04529415806940716,0.034,0.999999923673995,104.6124337609426,16.11115545837476,2026-03-27 03:55:00.755000
XRPUSDT,1598289542.0,1.3649,161.3,,,True,457.60951620531597,0.9996751648522807,56.92891549850474,-0.015111343414973163,0.456,0.9999999236633463,,16.11612050842352,2026-03-27 03:55:01.211000
XRPUSDT,1598289543.0,1.3649,161.3,,,True,457.82145981781406,0.9996759703412871,56.93773770661758,-0.04522077781057653,0.026,0.9999999236990473,-37380.31699623972,16.121085299234647,2026-03-27 03:55:01.237000
XRPUSDT,1598289544.0,1.3649,302.9,,,True,458.0334289704391,0.9996767738335802,56.946558460657826,-0.04513504437454302,5.31,0.9999999237347301,106.70100605197612,16.126053289049832,2026-03-27 03:55:06.547000
XRPUSDT,1598289545.0,1.3649,3.7,,,True,458.24551930594754,0.9996775753341061,56.955377792205745,-0.04506972246510272,0.098,0.9999999237705925,81.49952162792086,16.13101812521165,2026-03-27 03:55:06.645000
XRPUSDT,1598289546.0,1.3649,3.9,,,True,458.4575551299055,0.9996783748477988,56.964195645623946,-0.044967306220149564,0.098,0.9999999238062497,128.09817503925117,16.135982962700155,2026-03-27 03:55:06.645000
XRPUSDT,1598289547.0,1.3649,7.4,,,True,458.66962368500333,0.9996791723795805,56.973012049845764,-0.04488355036255923,0.098,0.9999999238419048,105.01883374354358,16.1409478015146,2026-03-27 03:55:06.645000
XRPUSDT,1598289548.0,1.3649,4.1,,,True,458.8817249661894,0.9996799679343611,56.98182700571817,-0.044799941793654256,0.098,0.9999999238775589,105.0946722248968,16.145912641654057,2026-03-27 03:55:06.645000
XRPUSDT,1598289549.0,1.3649,3.9,,,True,459.09385896841286,0.999680761517038,56.990640514087104,-0.04471648027688651,0.098,0.9999999239132125,105.1705376094905,16.150877483117338,2026-03-27 03:55:06.645000
XRPUSDT,1598289550.0,1.3649,3.9,,,True,459.3060256866252,0.999681553132497,56.9994525757976,-0.04463316557636538,0.098,0.9999999239488641,105.24642940957779,16.155842325902878,2026-03-27 03:55:06.645000
XRPUSDT,1598289551.0,1.3649,3.9,,,True,459.51822511578,0.9996823427856112,57.00826319169362,-0.04454999745654226,0.098,0.9999999239845148,105.32234765410108,16.160807170009964,2026-03-27 03:55:06.645000
XRPUSDT,1598289552.0,1.3649,3.9,,,True,459.73045725083347,0.9996831304812425,57.017072362618265,-0.04446697568217019,0.098,0.9999999240201639,105.39829227882505,16.165772015437916,2026-03-27 03:55:06.645000
XRPUSDT,1598289553.0,1.3649,3.9,,,True,459.9427220867437,0.9996839162242396,57.025880089413576,-0.04438410001837541,0.098,0.9999999240558121,105.47426333985702,16.1707368621846,2026-03-27 03:55:06.645000
XRPUSDT,1598289554.0,1.3649,4.4,,,True,460.1550196184716,0.9996847000194405,57.034686372920646,-0.04430137023052877,0.098,0.9999999240914589,105.55026076301628,16.175701710250273,2026-03-27 03:55:06.645000
XRPUSDT,1598289555.0,1.3649,3.8,,,True,460.3673498409803,0.9996854818716703,57.04349121397962,-0.04421878608436602,0.098,0.9999999241271035,105.62628463768259,16.180666559632886,2026-03-27 03:55:06.645000
XRPUSDT,1598289556.0,1.3649,3.8,,,True,460.5797127492349,0.9996862617857423,57.05229461342966,-0.04413634734593463,0.098,0.9999999241627471,105.70233490072643,16.185631410331524,2026-03-27 03:55:06.645000
XRPUSDT,1598289557.0,1.3649,3.7,,,True,460.7921083382034,0.9996870397664582,57.06109657210895,-0.044054053781554026,0.098,0.9999999241983887,105.77841158829821,16.19059626234508,2026-03-27 03:55:06.645000
XRPUSDT,1598289558.0,1.3649,3.9,,,True,461.0045366028555,0.9996878158186079,57.069897090854745,-0.043971905157868585,0.098,0.9999999242340285,105.85451470253557,16.19556111567268,2026-03-27 03:55:06.645000
XRPUSDT,1598289559.0,1.3649,3.9,,,True,461.21699753816364,0.9996885899469689,57.0786961705033,-0.04388990124193445,0.098,0.9999999242696672,105.93064415237156,16.2005259703131,2026-03-27 03:55:06.645000
XRPUSDT,1598289560.0,1.3649,11.2,,,False,461.4294911391026,0.9996893621563073,57.08749381188992,-0.04380804180095472,0.069,0.9999999243053036,106.00680010109414,16.20549080923189,2026-03-27 03:55:06.714000
XRPUSDT,1598289561.0,1.3649,29.8,,,False,461.64201692830653,0.9996901324513773,57.0962900157032,-0.04372622975991287,2.254,0.9999999243409372,106.2087039541566,16.210456930483776,2026-03-27 03:55:08.968000
XRPUSDT,1598289562.0,1.3648,7.4,,,True,461.71274270709665,0.9996901324513773,57.10504106652922,-0.014592561462866912,5.221,0.9999999243309825,,16.215424785563254,2026-03-27 03:55:14.189000
XRPUSDT,1598289563.0,1.3648,4.1,,,True,461.92539566338235,0.9996909008369212,57.1138345253617,-0.04367069729669052,5.221,0.9999999243668051,-37843.158375400555,16.22039264208237,2026-03-27 03:55:14.189000
XRPUSDT,1598289564.0,1.3648,3.7,,,True,462.1380812715727,0.9996916673176701,57.12262654890391,-0.04358918233351149,5.221,0.9999999244025991,106.34965496412742,16.22536049339799,2026-03-27 03:55:14.189000
XRPUSDT,1598289565.0,1.3648,3.9,,,True,462.35079936924893,0.9996924318983426,57.1314171379391,-0.04350777907464724,5.221,0.9999999244383653,106.46784806155445,16.230328339522178,2026-03-27 03:55:14.189000
XRPUSDT,1598289566.0,1.3648,3053.0,,,True,462.5635499516505,0.9996931945836459,57.14020629329831,-0.04342651961585561,5.221,0.9999999244741032,106.54388964091892,16.235296180465888,2026-03-27 03:55:14.189000
XRPUSDT,1598289567.0,1.3648,511.8,,,True,462.77633301401903,0.999693955378276,57.14899401581158,-0.043345403724533826,0.001,0.999999924509813,106.61995775923994,16.2402609843873,2026-03-27 03:55:14.190000
XRPUSDT,1598289568.0,1.3648,1325.1,,,True,462.98906440893546,0.9996947142869171,57.15778028072461,-0.04324738514987296,0.001,0.9999999245453258,129.1572784203485,16.245225789736914,2026-03-27 03:55:14.191000
XRPUSDT,1598289569.0,1.3648,3.9,,,True,463.20182843061053,0.9996954713142413,57.16656511462319,-0.043166656231457226,0.002,0.9999999245808362,106.63937197408693,16.250190597092097,2026-03-27 03:55:14.193000
XRPUSDT,1598289570.0,1.3648,3.9,,,True,463.4146250900998,0.9996962264649095,57.175348518338474,-0.043086072980815245,0.002,0.9999999246163459,106.71148690370207,16.255155405871673,2026-03-27 03:55:14.193000
XRPUSDT,1598289571.0,1.3648,3.8,,,True,463.6274543663033,0.9996969797435714,57.18413049269091,-0.04300562866663092,0.002,0.9999999246518527,106.79223805748401,16.26012021607429,2026-03-27 03:55:14.193000
XRPUSDT,1598289572.0,1.3648,3.9,,,True,463.840316254217,0.9996977311548645,57.19291103850488,-0.04292532632008957,0.002,0.9999999246873592,106.86869798376071,16.26508502769882,2026-03-27 03:55:14.193000
XRPUSDT,1598289573.0,1.3648,3.9,,,True,464.05321074883915,0.9996984807034154,57.201690156603874,-0.042845165712135105,0.002,0.9999999247228629,106.94518434985062,16.27004984074366,2026-03-27 03:55:14.193000
XRPUSDT,1598289574.0,1.3648,3.9,,,True,464.2661378451707,0.999699228393839,57.210467847810385,-0.04276514661408623,0.002,0.9999999247583655,107.02169711669306,16.275014655207805,2026-03-27 03:55:14.193000
XRPUSDT,1598289575.0,1.3648,69.8,,,True,464.47909753821466,0.9996999742307386,57.219244112946015,-0.042685268797587536,0.002,0.9999999247938656,107.09823626645809,16.279979471089774,2026-03-27 03:55:14.193000
XRPUSDT,1598289576.0,1.3648,3.7,,,True,464.6920898229764,0.9997007182187068,57.22801895283138,-0.04260553203449499,0.002,0.9999999248293636,107.17480189078208,16.284944288388463,2026-03-27 03:55:14.193000
XRPUSDT,1598289577.0,1.3648,3.9,,,True,464.90511469446363,0.9997014603623239,57.2367923682862,-0.042525936097105865,0.002,0.9999999248648599,107.2513938722748,16.28990910710233,2026-03-27 03:55:14.193000
XRPUSDT,1598289578.0,1.3648,3.8,,,True,465.1181721476861,0.9997022006661598,57.245564360129244,-0.04244648075789782,0.002,0.9999999249003538,107.32801230382927,16.294873927230114,2026-03-27 03:55:14.193000
XRPUSDT,1598289579.0,1.3648,3.9,,,True,465.3312621776561,0.9997029391347722,57.25433492917834,-0.042367165789765716,0.002,0.9999999249358454,107.4046571558704,16.299838748770778,2026-03-27 03:55:14.193000
XRPUSDT,1598289580.0,1.3648,3.9,,,True,465.5443847793882,0.9997036757727079,57.2631040762504,-0.04228799096587128,0.002,0.9999999249713352,107.481328412234,16.304803571722623,2026-03-27 03:55:14.193000
XRPUSDT,1598289581.0,1.3648,3.7,,,True,465.7575399478993,0.9997044105845028,57.271871802161414,-0.042208956059682876,0.002,0.9999999250068224,107.55802607104066,16.309768396084998,2026-03-27 03:55:14.193000
XRPUSDT,1598289582.0,1.3647,3.7,,,True,465.8284253690081,0.9997044105845028,57.28059626638689,-0.01407618254522957,0.002,0.9999999249972867,,16.31473322185556,2026-03-27 03:55:14.193000
XRPUSDT,1598289583.0,1.3647,7.4,,,True,466.04162398516894,0.9997051435746811,57.289361249742214,-0.042138644821539575,0.002,0.9999999250328028,-38284.90900135685,16.319698049036457,2026-03-27 03:55:14.193000
XRPUSDT,1598289584.0,1.3647,4.1,,,True,466.2548551565306,0.9997058747477561,57.298124814154605,-0.04205987042052576,0.002,0.9999999250683166,107.73701016893637,16.324662877623332,2026-03-27 03:55:14.193000
XRPUSDT,1598289585.0,1.3647,233.9,,,True,466.4681188780588,0.9997066041082298,57.30688696043683,-0.041981235287649576,0.002,0.999999925103828,107.81381184401909,16.32962770761559,2026-03-27 03:55:14.193000
XRPUSDT,1598289586.0,1.3647,3.7,,,True,466.6814151447807,0.9997073316605928,57.31564768940074,-0.04190273920912409,0.02,0.9999999251393361,107.89062411866176,16.334592549120103,2026-03-27 03:55:14.213000
XRPUSDT,1598289587.0,1.3647,5.5,,,True,466.8947442330465,0.9997080574093249,57.32440700193906,-0.041824436922135985,0.02,0.9999999251748427,107.891731013206,16.339557392005165,2026-03-27 03:55:14.213000
XRPUSDT,1598289588.0,1.3647,3.9,,,True,467.1081058560429,0.9997087813588951,57.33316489877947,-0.04174621795286837,0.02,0.9999999252103462,108.04477616874856,16.34452223626981,2026-03-27 03:55:14.213000
XRPUSDT,1598289589.0,1.3647,3.9,,,True,467.3215000088044,0.9997095035137609,57.34192138073106,-0.041668137365059976,0.02,0.9999999252458468,108.1216668427379,16.34948708191204,2026-03-27 03:55:14.213000
XRPUSDT,1598289590.0,1.3647,3.9,,,True,467.53492668636756,0.9997102238783685,57.350676448601995,-0.04159019493456365,0.02,0.9999999252813448,108.19858398179049,16.354451928931145,2026-03-27 03:55:14.213000
XRPUSDT,1598289591.0,1.3647,73.2,,,True,467.7483858837715,0.9997109424571539,57.35943010319957,-0.04151239043756675,0.02,0.9999999253168393,108.27552744620786,16.359416777325972,2026-03-27 03:55:14.213000
XRPUSDT,1598289592.0,1.3647,3.9,,,True,467.96187759605726,0.9997116592545414,57.368182345330105,-0.04143472365049832,0.02,0.9999999253523317,108.35249739564202,16.364381627095113,2026-03-27 03:55:14.213000
XRPUSDT,1598289593.0,1.3647,3.9,,,True,468.1754018182687,0.9997123742749447,57.37693317579906,-0.04135719435014264,0.02,0.9999999253878202,108.42949375234224,16.369346478237226,2026-03-27 03:55:14.213000
XRPUSDT,1598289594.0,1.3647,765.6,,,True,468.38895854545126,0.9997130875227667,57.38568259541095,-0.041279802313533925,0.02,0.9999999254233062,108.50651657218198,16.374311330751503,2026-03-27 03:55:14.213000
XRPUSDT,1598289595.0,1.3647,869.4,,,True,468.60254777265317,0.999713799002399,57.39443060496941,-0.041202547318105964,0.02,0.9999999254587889,108.58356573890978,16.379276184636094,2026-03-27 03:55:14.213000
XRPUSDT,1598289596.0,1.3647,790.7,,,True,468.81616949492485,0.9997145087182229,57.403177205277125,-0.041125429141488104,0.005,0.9999999254942677,108.6606413753189,16.384241031622256,2026-03-27 03:55:14.218000
XRPUSDT,1598289597.0,1.3647,3.9,,,True,469.0298234768599,0.9997152166746078,57.41192239707054,-0.04104840343904457,0.005,0.9999999255297428,108.8000674616381,16.389205879994833,2026-03-27 03:55:14.218000
XRPUSDT,1598289598.0,1.3647,3.8,,,True,469.243509944401,0.9997159228759139,57.420666181216355,-0.04097155849509586,0.005,0.9999999255652154,108.81450272741557,16.394170729752215,2026-03-27 03:55:14.218000
XRPUSDT,1598289599.0,1.3647,46.6,,,True,469.4572288926047,0.9997166273264891,57.42940855851457,-0.04089484970369793,0.005,0.999999925600684,108.89165840408934,16.399135580893443,2026-03-27 03:55:14.218000
XRPUSDT,1598289600.0,1.3647,3.7,,,True,469.6709803165297,0.9997173300306713,57.43814952976425,-0.04081827684383696,0.005,0.9999999256361493,108.96884037866876,16.404100433416957,2026-03-27 03:55:14.218000
XRPUSDT,1598289601.0,1.3647,3.9,,,True,469.88476421123676,0.9997180309927874,57.4468890957636,-0.04074183969460517,0.005,0.9999999256716113,109.04604895610468,16.409065287321912,2026-03-27 03:55:14.218000
XRPUSDT,1598289602.0,1.3647,3.9,,,True,470.0985805717893,0.999718730217154,57.45562725730989,-0.04066553803560896,0.005,0.9999999257070694,109.12328381252607,16.41403014260631,2026-03-27 03:55:14.218000
XRPUSDT,1598289603.0,1.3647,3.9,,,True,470.31242939325244,0.9997194277080766,57.464364015199514,-0.04058937164661893,0.005,0.9999999257425245,109.20054514371259,16.418994999269927,2026-03-27 03:55:14.218000
XRPUSDT,1598289604.0,1.3647,3.9,,,True,470.52631067069416,0.99972012346985,57.47309937022794,-0.0405133403078017,0.005,0.9999999257779758,109.27783292253139,16.423959857310717,2026-03-27 03:55:14.218000
XRPUSDT,1598289605.0,1.3647,3.9,,,True,470.7402243991842,0.9997208175067586,57.481833323189804,-0.04043744379956861,0.005,0.9999999258134231,109.35514709878056,16.428924716727654,2026-03-27 03:55:14.218000
XRPUSDT,1598289606.0,1.3647,3.9,,,True,470.9541705737949,0.9997215098230763,57.49056587487876,-0.040361681902620475,0.005,0.999999925848867,109.43248773594374,16.433889577519793,2026-03-27 03:55:14.218000
XRPUSDT,1598289607.0,1.3647,3.7,,,True,471.1681491896005,0.9997222004230659,57.499297026087646,-0.04028605439805248,0.005,0.9999999258843069,109.5098547677837,16.43885443968555,2026-03-27 03:55:14.218000
XRPUSDT,1598289608.0,1.3647,3.9,,,True,471.3821602416779,0.9997228893109804,57.508026777608364,-0.04021056106714698,0.005,0.999999925919743,109.58724825550428,16.443819303223698,2026-03-27 03:55:14.218000
XRPUSDT,1598289609.0,1.3647,233.2,,,False,471.59620372510574,0.9997235764910617,57.516755130231935,-0.0401352016915684,0.957,0.9999999259551754,109.66466815793237,16.44878468023945,2026-03-27 03:55:15.175000
XRPUSDT,1598289610.0,1.3646,18.6,,,True,471.667386085464,0.9997235764910617,57.52544279182856,-0.013384574942937738,2.227,0.9999999259465074,,16.45375073903565,2026-03-27 03:55:17.402000
XRPUSDT,1598289611.0,1.3646,7.4,,,True,471.8815061546571,0.9997242619675412,57.53416844962661,-0.04007427820073086,2.227,0.9999999259820266,-38935.986948138336,16.458716799209558,2026-03-27 03:55:17.402000
XRPUSDT,1598289612.0,1.3646,4.1,,,True,472.0956586438862,0.9997249457446403,57.54289271063908,-0.03999914330962026,2.227,0.9999999260175321,109.8821402507455,16.463682858156126,2026-03-27 03:55:17.402000
XRPUSDT,1598289613.0,1.3646,3.7,,,True,472.3098434859192,0.9997256278265695,57.55161557563703,-0.03992413025613105,2.227,0.999999926053024,109.97660293041285,16.468648915878703,2026-03-27 03:55:17.402000
XRPUSDT,1598289614.0,1.3646,3.9,,,True,472.52406067594694,0.9997263082175292,57.560337045407884,-0.03984925048799251,2.227,0.9999999260885016,110.05403154282692,16.473614972381547,2026-03-27 03:55:17.402000
XRPUSDT,1598289615.0,1.3646,3.9,,,True,472.7383102091626,0.9997269869217089,57.56905712073815,-0.03977450378768552,2.227,0.9999999261239657,110.13148664406279,16.478581027667946,2026-03-27 03:55:17.402000
XRPUSDT,1598289616.0,1.3646,3.9,,,True,472.95259208076124,0.9997276639432885,57.57777580241348,-0.03969988993791085,2.227,0.9999999261594158,110.20896825977596,16.4835470817415,2026-03-27 03:55:17.402000
XRPUSDT,1598289617.0,1.3646,264.5,,,True,473.16690628594046,0.9997283392864368,57.58649309121861,-0.03962540872172063,2.227,0.9999999261948516,110.2864764060586,16.488513134605988,2026-03-27 03:55:17.402000
XRPUSDT,1598289618.0,1.3646,3.9,,,True,473.3812528198994,0.9997290129553127,57.59520898793741,-0.03955105992243638,4.463,0.9999999262302732,110.36401107932343,16.493480371153215,2026-03-27 03:55:21.865000
XRPUSDT,1598289619.0,1.3646,3.9,,,True,473.59566481154525,0.9997296849540647,57.603923502273894,-0.0394829234886806,4.463,0.9999999262657474,101.39369091870498,16.49844760392044,2026-03-27 03:55:21.865000
XRPUSDT,1598289620.0,1.3646,3.9,,,True,473.81010906054274,0.9997303552868312,57.61263662602831,-0.03940880287550122,4.463,0.9999999263011983,110.57286303414541,16.50341483291487,2026-03-27 03:55:21.865000
XRPUSDT,1598289621.0,1.3646,1741.8,,,True,474.02458556216646,0.9997310239577398,57.62134835998224,-0.03933481418510214,4.463,0.9999999263366242,110.6503803929323,16.508382058145298,2026-03-27 03:55:21.865000
XRPUSDT,1598289622.0,1.3646,4.4,,,True,474.23909431172575,0.9997316909709087,57.63005870491635,-0.039260957207555375,0.592,0.9999999263720276,110.72791511197968,16.51334724367207,2026-03-27 03:55:22.457000
XRPUSDT,1598289623.0,1.3646,3.8,,,True,474.4535783357405,0.9997323563304454,57.63876764642357,-0.03917686225940597,0.592,0.9999999264072944,126.39023492153389,16.518312429884343,2026-03-27 03:55:22.457000
XRPUSDT,1598289624.0,1.3646,3.7,,,True,474.6680947047015,0.9997330200404473,57.647475200573325,-0.03910332947598884,0.592,0.999999926442555,110.79053082295918,16.52327761678243,2026-03-27 03:55:22.457000
XRPUSDT,1598289625.0,1.3646,0.1,,,True,474.88264341375617,0.9997336821050017,57.65618136814312,-0.039029927487070265,0.592,0.9999999264778086,110.8683261028428,16.528242804366023,2026-03-27 03:55:22.457000
XRPUSDT,1598289626.0,1.3647,5.0,,,False,475.2404771881123,0.9997350013140661,57.66492400809194,-0.06478052785189528,0.324,0.9999999265566522,-19519.726674946003,16.533207852787324,2026-03-27 03:55:22.781000
XRPUSDT,1598289627.0,1.3647,146.6,,,False,475.4551081743657,0.9997356584667004,57.67362731565425,-0.03880200522592371,1.136,0.9999999265918514,39531.946262810336,16.538173324116315,2026-03-27 03:55:23.917000
XRPUSDT,1598289628.0,1.3646,3.8,,,True,475.5264875295029,0.9997356584667004,57.68229156018751,-0.012940155372434023,3.784,0.9999999265835364,,16.543140169447227,2026-03-27 03:55:27.701000
XRPUSDT,1598289629.0,1.3646,1.2,,,True,475.7412119409698,0.9997363139901354,57.6909922013771,-0.03874596354783816,3.784,0.9999999266188522,-39366.72100253175,16.548107016139756,2026-03-27 03:55:27.701000
XRPUSDT,1598289630.0,1.3646,2.7,,,True,475.9559686844256,0.999736967888408,57.69969145980526,-0.038673181354434163,1.115,0.9999999266541476,111.30507060393688,16.553072477086506,2026-03-27 03:55:28.816000
XRPUSDT,1598289631.0,1.3646,3.9,,,True,476.17071890936023,0.9997376201655452,57.708389326092494,-0.038593571960720635,1.115,0.9999999266893465,122.04841956632936,16.558037938130422,2026-03-27 03:55:28.816000
XRPUSDT,1598289632.0,1.3646,3.9,,,True,476.3855014262404,0.999738270825564,57.71708581120493,-0.03852107157754128,1.115,0.9999999267245364,111.42590767805684,16.5630033992721,2026-03-27 03:55:28.816000
XRPUSDT,1598289633.0,1.3646,3.9,,,True,476.60031623025594,0.9997389198724713,57.725780915913305,-0.03844870032285009,1.115,0.9999999267597165,111.50388958610621,16.567968860513005,2026-03-27 03:55:28.816000
XRPUSDT,1598289634.0,1.3646,3.9,,,True,476.8151633165897,0.9997395673102644,57.734474640987436,-0.038376457983384696,1.115,0.9999999267948876,111.58190059573418,16.572934321854802,2026-03-27 03:55:28.816000
XRPUSDT,1598289635.0,1.3646,2137.1,,,True,477.03004268042616,0.9997402131429304,57.743166987196325,-0.03830434434790012,1.115,0.9999999268300493,111.65993806067067,16.577899783297948,2026-03-27 03:55:28.816000
XRPUSDT,1598289636.0,1.3646,190.0,,,True,477.24495431695254,0.9997408573744467,57.75185795530811,-0.03823235920542357,2.458,0.9999999268652021,111.73800202100992,16.58286593285699,2026-03-27 03:55:31.274000
XRPUSDT,1598289637.0,1.3646,3.7,,,True,477.4599175159184,0.999741500008781,57.760547551058025,-0.03816391592438782,2.458,0.9999999269003831,106.50423947552802,16.587832081022455,2026-03-27 03:55:31.274000
XRPUSDT,1598289638.0,1.3646,3.8,,,True,477.67491294188585,0.9997421410498908,57.76923577021069,-0.03809216689994062,2.458,0.9999999269355486,111.92577723317524,16.592798227797292,2026-03-27 03:55:31.274000
XRPUSDT,1598289639.0,1.3646,433.1,,,True,477.88994059009786,0.999742780501724,57.777922613531835,-0.03802054582573178,2.458,0.9999999269706994,112.00386093740293,16.597764373185782,2026-03-27 03:55:31.274000
XRPUSDT,1598289640.0,1.3646,2110.9,,,True,478.1050004558093,0.9997434183682188,57.78660808178634,-0.037949052493443935,2.458,0.9999999270058356,112.08196837107793,16.602730517191766,2026-03-27 03:55:31.274000
XRPUSDT,1598289641.0,1.3646,143.4,,,True,478.32009253427714,0.9997440546533035,57.795292175738325,-0.037877686693239536,2.458,0.9999999270409567,112.1601023139957,16.607696659819123,2026-03-27 03:55:31.274000
XRPUSDT,1598289642.0,1.3646,3.9,,,True,478.53521682076064,0.9997446893608967,57.803974896150976,-0.03780644821557959,0.002,0.9999999270760636,112.2382628296381,16.612661556992453,2026-03-27 03:55:31.276000
XRPUSDT,1598289643.0,1.3646,3.9,,,True,478.75033838844666,0.9997453224949076,57.81265623492783,-0.037729233330265594,0.002,0.9999999271110859,121.9566221154181,16.61762645550569,2026-03-27 03:55:31.276000
XRPUSDT,1598289644.0,1.3646,3.9,,,True,478.9654922200036,0.9997459540592354,57.82133620174974,-0.03765828507018597,0.002,0.9999999271461042,112.33734546533255,16.62259135535698,2026-03-27 03:55:31.276000
XRPUSDT,1598289645.0,1.3646,3.9,,,True,479.1806783105885,0.9997465840577693,57.83001479737704,-0.03758746334445933,0.002,0.9999999271811173,112.41569926935436,16.62755625654598,2026-03-27 03:55:31.276000
XRPUSDT,1598289646.0,1.3646,11.4,,,True,479.3958966553604,0.9997472124943899,57.83869202256929,-0.037516767945328974,0.002,0.9999999272161253,112.49407944967658,16.632521159071178,2026-03-27 03:55:31.276000
XRPUSDT,1598289647.0,1.3646,3.8,,,True,479.61114724948055,0.9997478393729674,57.847367878085194,-0.03744619866538487,0.002,0.9999999272511282,112.57248608880823,16.637486062931394,2026-03-27 03:55:31.276000
XRPUSDT,1598289648.0,1.3646,3.7,,,True,479.82643008811255,0.9997484646973627,57.856042364682615,-0.03737575529749522,0.002,0.9999999272861255,112.6509191438606,16.642450968125466,2026-03-27 03:55:31.276000
XRPUSDT,1598289649.0,1.3646,3.9,,,True,480.041745166422,0.9997490884714265,57.86471548311855,-0.037305437634808335,0.002,0.9999999273211182,112.72937873263484,16.647415874652225,2026-03-27 03:55:31.276000
XRPUSDT,1598289650.0,1.3646,3.7,,,True,480.2570924795766,0.9997497106990011,57.87338723414923,-0.03723524547075968,0.002,0.9999999273561054,112.8078647052678,16.65238078251051,2026-03-27 03:55:31.276000
XRPUSDT,1598289651.0,1.3646,3.7,,,True,480.47247202274656,0.9997503313839187,57.88205761852999,-0.03716517859909235,0.002,0.9999999273910871,112.88637710291141,16.65734569169907,2026-03-27 03:55:31.276000
XRPUSDT,1598289652.0,1.3645,7.4,,,True,480.5440724010755,0.9997503313839187,57.89069091728595,-0.012389284753614787,0.023,0.9999999273832746,,16.662310612652053,2026-03-27 03:55:31.299000
XRPUSDT,1598289653.0,1.3645,4.1,,,True,480.7594952396059,0.9997509505300017,57.899358653908735,-0.03710268859831648,0.023,0.9999999274182786,-39915.303545455754,16.667275534935712,2026-03-27 03:55:31.299000
XRPUSDT,1598289654.0,1.3645,36.1,,,True,480.97495029692374,0.9997515681410635,57.908025025950266,-0.03703285535822707,0.023,0.9999999274532769,113.06993092542022,16.672240458522904,2026-03-27 03:55:31.299000
XRPUSDT,1598289655.0,1.3646,6.8,,,False,481.3343132788099,0.9997527987733296,57.91672550484868,-0.06146874270454361,2.643,0.9999999275309627,-19856.36816099762,16.677206681324492,2026-03-27 03:55:33.942000
XRPUSDT,1598289656.0,1.3645,54.8,,,True,481.40599354374933,0.9997527987733296,57.92535368828492,-0.012302566768869146,0.499,0.9999999275233276,,16.68217184188123,2026-03-27 03:55:34.441000
XRPUSDT,1598289657.0,1.3645,327.4,,,True,481.6215518233911,0.9997534118021131,57.934015972691796,-0.036825213141584025,1.328,0.9999999275583117,-40002.43876340608,16.687137412771122,2026-03-27 03:55:35.769000
XRPUSDT,1598289658.0,1.3646,25.0,,,False,481.9810938073574,0.9997546333038595,57.94271212165855,-0.06112522409762468,1.001,0.9999999276359074,-19893.554002113906,16.69210282267568,2026-03-27 03:55:36.770000
XRPUSDT,1598289659.0,1.3645,81.9,,,True,482.05278341967903,0.9997546333038595,57.95133646200962,-0.012229305755012443,2.998,0.9999999276282903,,16.697069211031277,2026-03-27 03:55:39.768000
XRPUSDT,1598289660.0,1.3645,3.7,,,True,482.26847271488043,0.9997552417843457,57.95999467229377,-0.036623383825436485,2.998,0.9999999276633136,-40090.156747651956,16.702035600712474,2026-03-27 03:55:39.768000
XRPUSDT,1598289661.0,1.3645,73.2,,,True,482.4841941952046,0.9997558487562406,57.96865152319724,-0.036554391074617915,2.998,0.9999999276983197,113.66712594639091,16.707001988508953,2026-03-27 03:55:39.768000
XRPUSDT,1598289662.0,1.3645,3.9,,,True,482.6999477782921,0.9997564542232825,57.977307015448105,-0.036485508618201115,2.998,0.9999999277333093,113.7674747666433,16.711968374425357,2026-03-27 03:55:39.768000
XRPUSDT,1598289663.0,1.3645,3.9,,,True,482.9157334594665,0.9997570581892004,57.98596114979267,-0.03641674942330396,2.998,0.9999999277682806,113.84615069636516,16.716934758466724,2026-03-27 03:55:39.768000
XRPUSDT,1598289664.0,1.3645,3.9,,,True,483.13155123405255,0.9997576606577144,57.99461392697634,-0.03634811328627492,2.998,0.9999999278032355,113.92485320860492,16.72190114063758,2026-03-27 03:55:39.768000
XRPUSDT,1598289665.0,1.3645,3.9,,,True,483.34740109737777,0.9997582616325351,58.00326534774376,-0.03627960000385475,2.998,0.9999999278381728,114.00358228315874,16.726867520943685,2026-03-27 03:55:39.768000
XRPUSDT,1598289666.0,1.3645,3.9,,,True,483.5632830447711,0.9997588611173641,58.011915412838725,-0.03621120937300823,2.998,0.9999999278730931,114.08233793100469,16.73183389938921,2026-03-27 03:55:39.768000
XRPUSDT,1598289667.0,1.3645,3.9,,,True,483.7791970715637,0.9997594591158936,58.020564123004235,-0.03614294119103828,2.998,0.9999999279079961,114.1611201455309,16.736800275979743,2026-03-27 03:55:39.768000
XRPUSDT,1598289668.0,1.3645,3.8,,,True,483.99514317308854,0.9997600556318069,58.02921147898248,-0.036074795255513666,2.998,0.9999999279428822,114.23992889650233,16.741766650719583,2026-03-27 03:55:39.768000
XRPUSDT,1598289669.0,1.3645,3.7,,,True,484.2111213446808,0.9997606506687784,58.03785748151483,-0.036006771364281286,2.998,0.9999999279777506,114.31876420035586,16.74673302361455,2026-03-27 03:55:39.768000
XRPUSDT,1598289670.0,1.3645,3.9,,,True,484.42713158167726,0.9997612442304724,58.04650213134183,-0.03593886931551013,2.998,0.9999999280126026,114.39762615327773,16.751699394668748,2026-03-27 03:55:39.768000
XRPUSDT,1598289671.0,1.3645,3.9,,,True,484.64317387941696,0.9997618363205454,58.05514542920324,-0.035871088907639403,2.998,0.9999999280474368,114.47651457938981,16.756665763887124,2026-03-27 03:55:39.768000
XRPUSDT,1598289672.0,1.3645,3.7,,,True,484.8592482332408,0.9997624269426437,58.06378737583802,-0.03580342993938866,2.998,0.9999999280822544,114.55542967478556,16.761632131275,2026-03-27 03:55:39.768000
XRPUSDT,1598289673.0,1.3644,24.0,,,True,484.93109360247996,0.9997624269426437,58.072393875665746,-0.011937524594216615,2.645,0.9999999280749009,,16.766598327474004,2026-03-27 03:55:42.413000
XRPUSDT,1598289674.0,1.3644,4.1,,,True,485.1472059044273,0.9997630161004059,58.081033200416364,-0.03574216546180983,2.645,0.9999999281097063,-40404.5272720362,16.77156452498542,2026-03-27 03:55:42.413000
XRPUSDT,1598289675.0,1.3644,7.4,,,True,485.36335032756875,0.9997636037974601,58.08967117599207,-0.03567474908854133,2.645,0.9999999281444968,114.71279765937135,16.776530721043382,2026-03-27 03:55:42.413000
XRPUSDT,1598289676.0,1.3644,3.7,,,True,485.57952680017024,0.9997641900374264,58.09830780311313,-0.03560744248894822,2.645,0.9999999281792712,114.81066364728395,16.781496915652696,2026-03-27 03:55:42.413000
XRPUSDT,1598289677.0,1.3644,3.9,,,True,485.795735317566,0.9997647748239161,58.10694308251482,-0.03554025653890782,2.645,0.9999999282140297,114.88970970845024,16.786463108816992,2026-03-27 03:55:42.413000
XRPUSDT,1598289678.0,1.3644,3.9,,,True,486.0119758750928,0.9997653581605305,58.11557701493165,-0.03547319103863632,2.645,0.9999999282487725,114.96878238424632,16.791429300540514,2026-03-27 03:55:42.413000
XRPUSDT,1598289679.0,1.3644,3.9,,,True,486.22824846808874,0.9997659400508628,58.124209601097334,-0.035406245788577616,2.645,0.9999999282834996,115.04788159455472,16.796395490827525,2026-03-27 03:55:42.413000
XRPUSDT,1598289680.0,1.3644,73.2,,,True,486.4445530918944,0.9997665204984973,58.13284084174477,-0.03533942058950775,2.645,0.9999999283182109,115.12700732418769,16.801361679681982,2026-03-27 03:55:42.413000
XRPUSDT,1598289681.0,1.3644,103.2,,,True,486.6608897418521,0.9997670995070093,58.14147073760608,-0.035272715242443506,2.645,0.9999999283529063,115.20615965341698,16.806327867108003,2026-03-27 03:55:42.413000
XRPUSDT,1598289682.0,1.3644,32.0,,,True,486.87725841330587,0.9997676770799651,58.15009928941258,-0.035206129548714424,1.602,0.999999928387586,115.28533852034288,16.811293561293926,2026-03-27 03:55:44.015000
XRPUSDT,1598289683.0,1.3644,3.9,,,True,487.0936452259858,0.999768253220922,58.15872649469164,-0.03513741797729632,1.602,0.9999999284222235,119.26173723653656,16.816259255132568,2026-03-27 03:55:44.015000
XRPUSDT,1598289684.0,1.3644,3.9,,,True,487.31006407690785,0.999768827933429,58.16735235739803,-0.0350710843518271,1.602,0.9999999284568487,115.42053575997338,16.821224948625964,2026-03-27 03:55:44.015000
XRPUSDT,1598289685.0,1.3644,3.9,,,True,487.5265149613834,0.9997694012210263,58.17597687826055,-0.035004869726346526,1.602,0.999999928491462,115.49983951228172,16.826190641777227,2026-03-27 03:55:44.015000
XRPUSDT,1598289686.0,1.3644,3.8,,,True,487.7429978747209,0.9997699730872448,58.18460005800723,-0.03493877390284102,1.602,0.9999999285260637,115.57917108649154,16.831156334586908,2026-03-27 03:55:44.015000
XRPUSDT,1598289687.0,1.3644,3.7,,,True,487.9595128122313,0.9997705435356071,58.19322189736533,-0.03487279668429661,1.602,0.999999928560653,115.65852915332364,16.836122027057794,2026-03-27 03:55:44.015000
XRPUSDT,1598289688.0,1.3644,3.9,,,True,488.1760597692275,0.9997711125696269,58.20184239706131,-0.03480693787400383,1.602,0.9999999285952305,115.7379137309926,16.841087719192014,2026-03-27 03:55:44.015000
XRPUSDT,1598289689.0,1.3644,3.9,,,True,488.3926387410242,0.9997716801928093,58.21046155782082,-0.03474119727548919,1.602,0.9999999286297956,115.81732487200848,16.846053410990947,2026-03-27 03:55:44.015000
XRPUSDT,1598289690.0,1.3644,3.9,,,True,488.6092497229383,0.9997722464086507,58.219079380368754,-0.03467557469261032,1.602,0.999999928664349,115.89676246518736,16.85101910245724,2026-03-27 03:55:44.015000
XRPUSDT,1598289691.0,1.3644,3.9,,,True,488.8258927102884,0.9997728112206385,58.22769586542921,-0.03461006992947373,1.602,0.9999999286988902,115.97622668446093,16.855984793592622,2026-03-27 03:55:44.015000
XRPUSDT,1598289692.0,1.3644,3.7,,,True,489.04256769839566,0.9997733746322524,58.23631101372551,-0.03454468279049863,1.602,0.9999999287334193,116.05571729912465,16.860950484399044,2026-03-27 03:55:44.015000
XRPUSDT,1598289693.0,1.3644,3.9,,,True,489.25927468258277,0.9997739366469622,58.24492482598019,-0.034479413080356854,1.602,0.9999999287679364,116.13523453063402,16.865916174877945,2026-03-27 03:55:44.015000
XRPUSDT,1598289694.0,1.3643,3.7,,,True,489.3313043733295,0.9997739366469622,58.25350475685627,-0.01149181535359529,1.602,0.9999999287609145,,16.870881864813878,2026-03-27 03:55:44.015000
XRPUSDT,1598289695.0,1.3643,69.4,,,True,489.5480540187346,0.9997744972682302,58.26211597508024,-0.034421029174495785,1.602,0.9999999287954386,-40899.65031858296,16.87584755604031,2026-03-27 03:55:44.015000
XRPUSDT,1598289696.0,1.3643,7.4,,,True,489.76483568858964,0.9997750564995094,58.27072585925886,-0.034355985172299604,1.602,0.9999999288299503,116.30966403078017,16.880813246942783,2026-03-27 03:55:44.015000
XRPUSDT,1598289697.0,1.3643,3.7,,,True,489.981649338916,0.9997756143442449,58.279334410103104,-0.034291051812984,1.602,0.9999999288644511,116.40041606837119,16.885778937523128,2026-03-27 03:55:44.015000
XRPUSDT,1598289698.0,1.3643,4.1,,,True,490.19849496504537,0.9997761708058727,58.28794162833206,-0.034226235135705836,1.602,0.9999999288989383,116.48004829581076,16.890744627783697,2026-03-27 03:55:44.015000
XRPUSDT,1598289699.0,1.3643,3.7,,,True,490.41537256231123,0.9997767258878205,58.29654751466393,-0.034161534946479215,1.602,0.999999928933414,116.55970704353855,16.895710317726063,2026-03-27 03:55:44.015000
XRPUSDT,1598289700.0,1.3643,5.5,,,True,490.63228212604923,0.9997772795935077,58.30515206981628,-0.03409695105162453,1.602,0.9999999289678778,116.63939227802939,16.90067600735257,2026-03-27 03:55:44.015000
XRPUSDT,1598289701.0,1.3643,4.1,,,True,490.8492236515971,0.9997778319263446,58.313755294505825,-0.034032483257727425,1.602,0.9999999290023287,116.71910411405293,16.905641696664468,2026-03-27 03:55:44.015000
XRPUSDT,1598289702.0,1.3643,3.9,,,True,491.06619713429427,0.9997783828897342,58.32235718944852,-0.0339681313716286,1.602,0.9999999290367675,116.7988423841875,16.910607385664363,2026-03-27 03:55:44.015000
XRPUSDT,1598289703.0,1.3643,36.6,,,True,491.28320256948234,0.9997789324870698,58.330957755359535,-0.033903895200499655,1.602,0.9999999290711943,116.87860723331166,16.91557307435388,2026-03-27 03:55:44.015000
XRPUSDT,1598289704.0,1.3643,142.9,,,True,491.500239952505,0.9997794807217373,58.33955699295334,-0.03383977455174179,1.602,0.9999999291056083,116.9583985944104,16.92053876273487,2026-03-27 03:55:44.015000
XRPUSDT,1598289705.0,1.3643,4.1,,,True,491.71730927870783,0.9997800275971136,58.348154902943534,-0.033775769233061956,0.01,0.999999929140011,117.03821647788583,16.925503730691283,2026-03-27 03:55:44.025000
XRPUSDT,1598289706.0,1.3643,3.9,,,True,491.9343901598974,0.9997805731165673,58.35675148158759,-0.03370872483466042,0.012,0.9999999291743624,122.90010547609086,16.930468700818743,2026-03-27 03:55:44.037000
XRPUSDT,1598289707.0,1.3643,3.9,,,True,492.15150303887316,0.9997811172834592,58.3653467340891,-0.03364497233974398,0.012,0.9999999292087067,117.15614431473254,16.935433672210582,2026-03-27 03:55:44.037000
XRPUSDT,1598289708.0,1.3643,73.2,,,True,492.3686478853114,0.9997816601011409,58.37394066115364,-0.03358133054430901,0.012,0.9999999292430443,117.24340894082255,16.940398644866427,2026-03-27 03:55:44.037000
XRPUSDT,1598289709.0,1.3643,3.7,,,True,492.5858246945018,0.9997822015729566,58.38253326349167,-0.03351780322872497,0.012,0.9999999292773744,117.32340214195641,16.94536361878454,2026-03-27 03:55:44.037000
XRPUSDT,1598289710.0,1.3643,3.9,,,True,492.803033461736,0.9997827417022414,58.391124541812836,-0.03345439020245019,0.012,0.9999999293116983,117.40342185846136,16.95032859396466,2026-03-27 03:55:44.037000
XRPUSDT,1598289711.0,1.3643,3.9,,,True,493.02027418230784,0.9997832804923229,58.399714496826086,-0.03339109127517505,0.012,0.9999999293460142,117.48346794549275,16.95529357040491,2026-03-27 03:55:44.037000
XRPUSDT,1598289712.0,1.3643,430.6,,,True,493.2375468515131,0.9997838179465199,58.408303129239556,-0.03332790625687277,0.012,0.9999999293803236,117.5635405784084,16.960258548104502,2026-03-27 03:55:44.037000
XRPUSDT,1598289713.0,1.3643,1706.9,,,True,493.4548514646498,0.9997843540681434,58.416890439760664,-0.03326483495780046,0.001,0.9999999294146262,117.6436396445199,16.965223522161498,2026-03-27 03:55:44.038000
XRPUSDT,1598289714.0,1.3643,3.9,,,True,493.67218787812004,0.9997848888604957,58.4254764290663,-0.03320185604298033,0.001,0.9999999294489206,117.76330486082767,16.970188497486017,2026-03-27 03:55:44.038000
XRPUSDT,1598289715.0,1.3643,3.9,,,True,493.8895562263852,0.9997854223268711,58.434061097892304,-0.033139011740265,0.001,0.9999999294832078,117.80368100486916,16.97515347407737,2026-03-27 03:55:44.038000
XRPUSDT,1598289716.0,1.3643,3.9,,,True,494.1069565047489,0.9997859544705563,58.442644446943824,-0.033076280588612825,0.001,0.9999999295174884,117.88385993024772,16.980118451934796,2026-03-27 03:55:44.038000
XRPUSDT,1598289717.0,1.3643,3.7,,,True,494.32438870851723,0.9997864852948292,58.45122647692526,-0.03301366239938659,0.001,0.9999999295517609,117.9640653724913,16.985083431056424,2026-03-27 03:55:44.038000
XRPUSDT,1598289718.0,1.3643,3.9,,,True,494.5418528329976,0.9997870148029596,58.45980718854023,-0.032951156984191585,0.001,0.9999999295860272,118.04429733963755,16.990048411441276,2026-03-27 03:55:44.038000
XRPUSDT,1598289719.0,1.3642,4.6,,,True,494.6141077628355,0.9997870148029596,58.46835580548318,-0.01097826502747713,0.001,0.9999999295794997,,16.9950133930886,2026-03-27 03:55:44.038000
XRPUSDT,1598289720.0,1.3642,4.3,,,True,494.8316144821351,0.9997875429982096,58.47693395426207,-0.032895199312835924,0.001,0.9999999296137818,-41494.00110297362,16.999978375997607,2026-03-27 03:55:44.038000
XRPUSDT,1598289721.0,1.3642,5.5,,,True,495.04915311120965,0.9997880698838331,58.485510786614896,-0.03283290481521069,0.001,0.9999999296480564,118.2315380246395,17.00494336016722,2026-03-27 03:55:44.038000
XRPUSDT,1598289722.0,1.3642,7.4,,,True,495.26672364535034,0.9997885954630757,58.49408630324263,-0.03277072255479668,0.001,0.9999999296823233,118.31186501315146,17.00990834559574,2026-03-27 03:55:44.038000
XRPUSDT,1598289723.0,1.3642,3.7,,,True,495.48432607987394,0.9997891197391752,58.50266050484558,-0.032708652347797795,0.001,0.9999999297165827,118.39221178920388,17.014873332281816,2026-03-27 03:55:44.038000
XRPUSDT,1598289724.0,1.3642,4.1,,,True,495.70196041009945,0.9997896427153611,58.51123339212326,-0.03264669400717099,0.001,0.999999929750835,118.47258497760761,17.0198383202249,2026-03-27 03:55:44.038000
XRPUSDT,1598289725.0,1.3642,3.7,,,True,495.9196266313477,0.9997901643948555,58.519804965774476,-0.03258484734609151,0.001,0.9999999297850791,118.5529846307136,17.024803309423582,2026-03-27 03:55:44.038000
XRPUSDT,1598289726.0,1.3642,15.0,,,True,496.1373247389419,0.9997906847808717,58.52837522649725,-0.03252311217803556,0.001,0.9999999298193158,118.63341082349451,17.029768299877247,2026-03-27 03:55:44.038000
XRPUSDT,1598289727.0,1.3642,5.5,,,True,496.35505472820705,0.9997912038766159,58.53694417498891,-0.03246148831675898,0.001,0.9999999298535448,118.7138634231593,17.034733291583883,2026-03-27 03:55:44.038000
XRPUSDT,1598289728.0,1.3642,4.4,,,True,496.5728165944703,0.9997917216852856,58.545511811946014,-0.032399975576283484,0.001,0.9999999298877662,118.79434252956966,17.03969828454307,2026-03-27 03:55:44.038000
XRPUSDT,1598289729.0,1.3642,3.7,,,True,496.7906103330608,0.9997922382100707,58.55407813806437,-0.03233857377091409,0.001,0.9999999299219802,118.87484811186485,17.044663278753855,2026-03-27 03:55:44.038000
XRPUSDT,1598289730.0,1.3642,3.9,,,True,497.0084359393098,0.9997927534541536,58.56264315403908,-0.03227728271515025,0.001,0.9999999299561866,118.95538016148772,17.049628274214417,2026-03-27 03:55:44.038000
XRPUSDT,1598289731.0,1.3642,1543.4,,,True,497.2262934085509,0.9997932674207081,58.571206860564494,-0.03221610222389876,0.001,0.999999929990384,119.03593867047519,17.054593270924414,2026-03-27 03:55:44.038000
XRPUSDT,1598289732.0,1.3642,900.3,,,True,497.44418273611893,0.9997937801129005,58.57976925833422,-0.03215503211220268,0.001,0.9999999300245752,119.11652369992261,17.059558268882313,2026-03-27 03:55:44.038000
XRPUSDT,1598289733.0,1.3642,3.9,,,True,497.6621039173519,0.9997942915338891,58.58833034804115,-0.03209407219549419,0.122,0.9999999300587578,119.19713518279507,17.064523320091133,2026-03-27 03:55:44.160000
XRPUSDT,1598289734.0,1.3642,3.9,,,True,497.880058425561,0.9997948016868249,58.59689013067955,-0.03203343875997762,0.122,0.9999999300929348,118.85344817894367,17.069488372432193,2026-03-27 03:55:44.160000
XRPUSDT,1598289735.0,1.3642,200.0,,,True,498.0980447753287,0.9997953105748506,58.60544860663662,-0.03197269738823205,0.122,0.9999999301271042,119.36097663092855,17.074453425904885,2026-03-27 03:55:44.160000
XRPUSDT,1598289736.0,1.3642,400.0,,,True,498.31606296200306,0.9997958182011011,58.61400577660309,-0.031912065664959424,0.122,0.999999930161265,119.44166247398348,17.079418480507606,2026-03-27 03:55:44.160000
XRPUSDT,1598289737.0,1.3642,800.0,,,True,498.5341129809347,0.9997963245687037,58.62256164126893,-0.03185154340662155,0.122,0.999999930195417,119.52237470165652,17.08438353624039,2026-03-27 03:55:44.160000
XRPUSDT,1598289738.0,1.3642,73.3,,,True,498.7521948274757,0.9997968296807778,58.63111620132336,-0.031791130429891304,0.122,0.9999999302295615,119.60311351322422,17.08934859310134,2026-03-27 03:55:44.160000
XRPUSDT,1598289739.0,1.3642,3.7,,,True,498.9703084969805,0.9997973335404353,58.63966945745487,-0.0317308265517436,0.122,0.9999999302636969,119.68387872258644,17.09431365109046,2026-03-27 03:55:44.160000
XRPUSDT,1598289740.0,1.3642,1776.7,,,True,499.18845398480545,0.9997978361507803,58.64822141035127,-0.031670631589417034,0.122,0.9999999302978241,119.7646704334283,17.099278710206736,2026-03-27 03:55:44.160000
XRPUSDT,1598289741.0,1.3642,3.9,,,True,499.4066312863089,0.9997983375149094,58.6567720606996,-0.03161054536038045,0.122,0.9999999303319427,119.84548863561922,17.10424377044922,2026-03-27 03:55:44.160000
XRPUSDT,1598289742.0,1.3642,3.9,,,True,499.6248403968513,0.999798837635911,58.66532140918623,-0.031550567682433195,0.122,0.9999999303660526,119.9263333352016,17.109208831817075,2026-03-27 03:55:44.160000
XRPUSDT,1598289743.0,1.3642,3.9,,,True,499.8430813117952,0.9997993365168661,58.673869456496725,-0.03149069837362174,0.122,0.9999999304001542,120.00720452277321,17.114173894308962,2026-03-27 03:55:44.160000
XRPUSDT,1598289744.0,1.3642,3.9,,,True,500.06135402650494,0.9997998341608487,58.682416203315995,-0.0314309372522059,0.122,0.9999999304342473,120.08810215345649,17.11913895792429,2026-03-27 03:55:44.160000
XRPUSDT,1598289745.0,1.3642,2046.3,,,True,500.2796585363472,0.9998003305709242,58.69096165032819,-0.03137128413678191,0.122,0.9999999304683316,120.16902631377779,17.12410402266272,2026-03-27 03:55:44.160000
XRPUSDT,1598289746.0,1.3642,5289.1,,,True,500.4979948366905,0.999800825750151,58.69950579821679,-0.031311738846183254,0.122,0.9999999305024069,120.24997694555276,17.12906908852293,2026-03-27 03:55:44.160000
XRPUSDT,1598289747.0,1.3642,34.3,,,True,500.7163629229052,0.9998013197015796,58.70804864766451,-0.031252301199516094,0.122,0.9999999305364737,120.3309540571644,17.134034155504203,2026-03-27 03:55:44.160000
XRPUSDT,1598289748.0,1.3642,3.7,,,True,500.9347627903642,0.9998018124282532,58.71659019935335,-0.03119297101615923,0.003,0.9999999305705318,120.41195766123639,17.138999173896075,2026-03-27 03:55:44.163000
XRPUSDT,1598289749.0,1.3642,3.9,,,True,501.15319301841754,0.9998023039332077,58.72513045368573,-0.031133546982661995,0.003,0.999999930604579,120.9022064813033,17.14396419351629,2026-03-27 03:55:44.163000
XRPUSDT,1598289750.0,1.3642,3.9,,,True,501.37165502114027,0.9998027942194707,58.733669411623026,-0.031074432386927465,0.003,0.9999999306386171,120.57159294825908,17.148929214363548,2026-03-27 03:55:44.163000
XRPUSDT,1598289751.0,1.3642,3.9,,,True,501.5901487939065,0.9998032832900628,58.742207073845094,-0.031015424708808463,0.003,0.9999999306726469,120.65268095824231,17.153894236436223,2026-03-27 03:55:44.163000
XRPUSDT,1598289752.0,1.3642,3.9,,,True,501.80867433209244,0.9998037711479976,58.75074344103107,-0.030956523768704673,0.003,0.9999999307066685,120.7337954603341,17.158859259734026,2026-03-27 03:55:44.163000
XRPUSDT,1598289753.0,1.3641,14.9,,,True,501.88127034698505,0.9998037711479976,58.75925001610786,-0.010311801170787364,0.138,0.9999999307008977,,17.16382434009869,2026-03-27 03:55:44.301000
XRPUSDT,1598289754.0,1.3642,35.0,,,False,502.24582227820474,0.9998047432379089,58.767812293317455,-0.05139965445250857,1.008,0.9999999307746885,-42267.544187253756,17.168789781795883,2026-03-27 03:55:45.309000
XRPUSDT,1598289755.0,1.3642,126.6,,,False,502.4644549378663,0.9998052274758745,58.776344781762056,-0.03078212218386089,0.738,0.9999999308087058,42577.27343308362,17.17375511159714,2026-03-27 03:55:46.047000
XRPUSDT,1598289756.0,1.3641,9.3,,,True,502.53709146850935,0.9998052274758745,58.7848476785923,-0.010254376888084477,0.322,0.9999999308030121,,17.17872027076551,2026-03-27 03:55:46.369000
XRPUSDT,1598289757.0,1.3642,19.0,,,False,502.90180416058274,0.9998061923527426,58.793405880124745,-0.05110755058066653,5.518,0.9999999308766855,-42340.29754934884,17.183687569577078,2026-03-27 03:55:51.887000
XRPUSDT,1598289758.0,1.3641,237.9,,,True,502.9745179835426,0.9998061923527426,58.80190633709866,-0.010223308138605322,2.536,0.9999999308711358,,17.18865363716574,2026-03-27 03:55:54.423000
XRPUSDT,1598289759.0,1.3641,4.1,,,True,503.19327420862066,0.9998066729975895,58.81043372939023,-0.030615369082725226,2.536,0.9999999309051598,-42426.46327047063,17.193619705976786,2026-03-27 03:55:54.423000
XRPUSDT,1598289760.0,1.3641,7.4,,,True,503.41206216533084,0.9998071524506624,58.818959831873016,-0.030557180516238572,2.536,0.9999999309391676,121.36446666919657,17.19858577373297,2026-03-27 03:55:54.423000
XRPUSDT,1598289761.0,1.3641,4.1,,,True,503.63088179306516,0.9998076307149154,58.82748464520948,-0.030499089560404386,2.536,0.9999999309731599,121.46204838093982,17.203551840438482,2026-03-27 03:55:54.423000
XRPUSDT,1598289762.0,1.3641,3.7,,,True,503.84973308731304,0.9998081077932947,58.83600817007226,-0.03044110387714593,2.536,0.9999999310071358,121.54330563055102,17.20851790609573,2026-03-27 03:55:54.423000
XRPUSDT,1598289763.0,1.3641,24.3,,,True,504.0686160435654,0.9998085836887398,58.84453040713327,-0.030383223289034957,2.536,0.9999999310410962,121.62458939114231,17.21348397070869,2026-03-27 03:55:54.423000
XRPUSDT,1598289764.0,1.3641,3.9,,,True,504.28753065731564,0.999809058404183,58.853051357063755,-0.0303254476189196,2.536,0.9999999310750399,121.70589970418327,17.218450034280426,2026-03-27 03:55:54.423000
XRPUSDT,1598289765.0,1.3641,3.9,,,True,504.5064769240583,0.9998095319425485,58.86157102053421,-0.030267776689903977,2.536,0.9999999311089679,121.78723671594264,17.223416096813942,2026-03-27 03:55:54.423000
XRPUSDT,1598289766.0,1.3641,3.9,,,True,504.7254548392902,0.9998100043067542,58.87008939821449,-0.030210210325360858,2.536,0.9999999311428796,121.86860023658589,17.228382158313075,2026-03-27 03:55:54.423000
XRPUSDT,1598289767.0,1.3641,73.3,,,True,504.9444643985098,0.9998104754997102,58.878606490773684,-0.030152748348921038,2.536,0.9999999311767759,121.94999033036837,17.233348218780886,2026-03-27 03:55:54.423000
XRPUSDT,1598289768.0,1.3641,1422.5,,,True,505.1635055972178,0.9998109455243198,58.887122298880236,-0.030095390584499664,2.536,0.9999999312106553,122.03140698151626,17.238314278220418,2026-03-27 03:55:54.423000
XRPUSDT,1598289769.0,1.3641,1020.7,,,True,505.3825784309163,0.9998114143834783,58.89563682320189,-0.03003813685625409,0.115,0.9999999312445196,122.11285032590878,17.24327936305163,2026-03-27 03:55:54.538000
XRPUSDT,1598289770.0,1.3641,3.9,,,True,505.6016551053893,0.9998118820800752,58.904150059197626,-0.029977197528075962,0.115,0.9999999312783157,130.296710693775,17.24824444899248,2026-03-27 03:55:54.538000
XRPUSDT,1598289771.0,1.3641,3.9,,,True,505.82076345844075,0.9998123486169914,58.91266201277748,-0.029920174024884446,0.115,0.9999999313121032,122.22720477234927,17.253209536042313,2026-03-27 03:55:54.538000
XRPUSDT,1598289772.0,1.3641,2092.3,,,True,506.0399034854902,0.9998128139971016,58.92117268460693,-0.02986325392973612,0.115,0.9999999313458808,122.30882647878654,17.258174624199878,2026-03-27 03:55:54.538000
XRPUSDT,1598289773.0,1.3641,3.9,,,True,506.2590751819588,0.9998132782232731,58.92968207535075,-0.029806437068150407,0.115,0.9999999313796496,122.390474887848,17.263139713464817,2026-03-27 03:55:54.538000
XRPUSDT,1598289774.0,1.3641,1325.1,,,True,506.4782785432694,0.9998137412983662,58.938190185673,-0.02974972326598965,0.115,0.9999999314134093,122.47214979182147,17.268104803836252,2026-03-27 03:55:54.538000
XRPUSDT,1598289775.0,1.3641,1602.1,,,True,506.6975135648473,0.9998142032252337,58.94669701623711,-0.029693112349415074,0.115,0.9999999314471593,122.55385116859169,17.27306989531322,2026-03-27 03:55:54.538000
XRPUSDT,1598289776.0,1.3641,249.4,,,True,506.91678024211944,0.9998146640067218,58.955202567705776,-0.029636604144802913,0.115,0.9999999314808995,122.63557906387528,17.27803498789475,2026-03-27 03:55:54.538000
XRPUSDT,1598289777.0,1.3641,612.4,,,True,507.1360785705146,0.9998151236456695,58.963706840741004,-0.029580198478792043,0.115,0.9999999315146314,122.71733345375188,17.28300008158002,2026-03-27 03:55:54.538000
XRPUSDT,1598289778.0,1.3641,200.0,,,True,507.35540854546383,0.9998155821449088,58.97220983600414,-0.02952389517827225,0.115,0.9999999315483531,122.79911434365732,17.28796517636788,2026-03-27 03:55:54.538000
XRPUSDT,1598289779.0,1.3641,400.0,,,True,507.57477016240017,0.9998160395072648,58.98071155415587,-0.02946769407043808,0.115,0.9999999315820656,122.88092165518141,17.292930272258815,2026-03-27 03:55:54.538000
XRPUSDT,1598289780.0,1.3641,800.0,,,True,507.7941634167584,0.9998164957355551,58.989211995856095,-0.029411594982681446,0.115,0.9999999316157685,122.96275560851493,17.297895369250526,2026-03-27 03:55:54.538000
XRPUSDT,1598289781.0,1.3641,11.5,,,True,508.01358830397544,0.9998169508325909,58.99771116176415,-0.029355597742697765,0.115,0.9999999316494623,123.04461592689957,17.30286046734203,2026-03-27 03:55:54.538000
XRPUSDT,1598289782.0,1.3641,3.7,,,True,508.2330448194902,0.9998174048011762,59.006209052538644,-0.029299702178405145,0.115,0.999999931683146,123.12650281357882,17.307825566534188,2026-03-27 03:55:54.538000
XRPUSDT,1598289783.0,1.3641,3.9,,,True,508.4525329587434,0.9998178576441079,59.014705668837486,-0.029243908118008796,0.115,0.9999999317168203,123.20841618492524,17.312790666824473,2026-03-27 03:55:54.538000
XRPUSDT,1598289784.0,1.3641,3.9,,,True,508.672052717178,0.9998183093641761,59.02320101131791,-0.029188215389952095,0.115,0.9999999317504855,123.29035606881868,17.317755768213008,2026-03-27 03:55:54.538000
XRPUSDT,1598289785.0,1.3641,3.9,,,True,508.89160409023873,0.9998187599641645,59.0316950806365,-0.029132623822914653,0.115,0.9999999317841405,123.37232241053472,17.322720870698504,2026-03-27 03:55:54.538000
XRPUSDT,1598289786.0,1.3641,3.9,,,True,509.1111870733722,0.9998192094468491,59.04018787744915,-0.029077133245861416,0.115,0.999999931817786,123.45431526281371,17.32768597428036,2026-03-27 03:55:54.538000
XRPUSDT,1598289787.0,1.3641,3.7,,,True,509.3308016620273,0.9998196578149992,59.048679402411075,-0.0290217434880263,0.115,0.9999999318514221,123.53633465861772,17.332651078957266,2026-03-27 03:55:54.538000
XRPUSDT,1598289788.0,1.3641,3.9,,,True,509.55044785165455,0.9998201050713776,59.057169656176804,-0.028966454378858596,0.115,0.9999999318850482,123.61838047910852,17.33761618472884,2026-03-27 03:55:54.538000
XRPUSDT,1598289789.0,1.364,50.0,,,True,509.6234056699819,0.9998201050713776,59.0656323767721,-0.009647291792775396,0.003,0.9999999318799204,,17.34258124823715,2026-03-27 03:55:54.541000
XRPUSDT,1598289790.0,1.364,55.1,,,True,509.84309278799634,0.9998205512187401,59.07412015122608,-0.0289166463946208,0.003,0.9999999319135545,-43190.56038780392,17.347546312935982,2026-03-27 03:55:54.541000
XRPUSDT,1598289791.0,1.364,7.5,,,True,510.06281149877236,0.9998209962598357,59.08260665630286,-0.028861546903973863,0.003,0.9999999319471785,123.807646530121,17.352511378821614,2026-03-27 03:55:54.541000
XRPUSDT,1598289792.0,1.364,7.4,,,True,510.2825617977003,0.9998214401974059,59.09109189265459,-0.028806547565433514,0.003,0.9999999319807934,123.8898039382011,17.357476445893294,2026-03-27 03:55:54.541000
XRPUSDT,1598289793.0,1.364,7.4,,,True,510.502343680235,0.999821883034187,59.09957586093277,-0.028751648217665828,0.003,0.9999999320143991,123.97196917766101,17.36244151414964,2026-03-27 03:55:54.541000
XRPUSDT,1598289794.0,1.364,4.1,,,True,510.722157141834,0.9998223247729068,59.10805856178823,-0.02869684869141142,0.003,0.9999999320479945,124.05416096666261,17.367406583589723,2026-03-27 03:55:54.541000
XRPUSDT,1598289795.0,1.364,3.7,,,True,510.94200217795617,0.9998227654162871,59.116539995871136,-0.02864214881762674,0.003,0.9999999320815804,124.13637927011263,17.37237165421263,2026-03-27 03:55:54.541000
XRPUSDT,1598289796.0,1.364,3640.7,,,True,511.16187878406265,0.9998232049670436,59.12502016383098,-0.028587548427502982,0.003,0.9999999321151569,124.218623950493,17.37733672601706,2026-03-27 03:55:54.541000
XRPUSDT,1598289797.0,1.364,3775.9,,,True,511.3817869556165,0.999823643427884,59.133499066316595,-0.028533047352509534,0.005,0.9999999321487238,124.30089524557333,17.382301799766807,2026-03-27 03:55:54.546000
XRPUSDT,1598289798.0,1.364,185.1,,,True,511.60172670997594,0.9998240808015103,59.14197670397997,-0.02847864824939764,0.001,0.9999999321822808,124.37673384665278,17.38726687316919,2026-03-27 03:55:54.547000
XRPUSDT,1598289799.0,1.364,2469.2,,,True,511.8216979769637,0.9998245170906171,59.15045307745711,-0.028424339654461214,0.092,0.999999932215828,124.47845725398321,17.392231982380334,2026-03-27 03:55:54.639000
